0	-156.808	-64.0051	214	-0.834357	-0.255201	0.488591	0.810429	22	11	171
1	-26.1583	41.0897	214	-0.542994	0.193626	0.817109	0.510999	22	11	230
2	-2.46298	21.8137	214	-0.011569	0.101501	0.994768	3.16098	22	11	415
3	-84.1111	-47.02	214	-0.653642	-0.316596	0.6874	0.723867	22	11	588
4	-6.88949	-23.0765	214	-0.0310509	-0.108418	0.99362	3.40019	22	11	689
5	7.82541	3.83939	214	0.0352386	0.0206553	0.999165	1.38208	22	11	732
6	13.5147	155.706	214	-0.00813005	0.771483	0.636198	0.455458	22	11	1222
7	24.504	102.628	214	0.0326446	0.803072	0.594987	0.342102	22	11	1410
8	-68.9422	46.4316	214	-0.300249	0.202433	0.932133	2.52694	22	11	1533
9	28.7787	-1.55615	214	0.134109	-0.00693237	0.990942	1.5201	22	11	1570
10	71.7798	-111.501	214	0.346769	-0.633784	0.691425	0.831644	22	11	2366
11	-39.6322	-26.0258	214	-0.441574	-0.265912	0.856915	0.991187	22	11	2431
12	-44.5482	-29.9788	216	0.184016	-0.210552	-0.960107	0.0908453	22	11	2431
13	19.1155	-20.79	214	0.16213	-0.246897	0.955382	0.702946	22	11	2669
14	12.503	-10.1814	214	0.0581247	-0.047928	0.997158	1.91368	22	11	2674
15	41.38	-20.9837	214	0.189993	-0.095581	0.977122	2.98997	22	11	2896
16	-105.159	33.1493	214	-0.807265	0.276036	0.521658	0.375176	22	11	2972
17	-31.7867	23.6298	214	-0.282823	0.227069	0.931907	2.25693	22	11	3006
18	70.9482	94.5235	214	0.396118	0.545872	0.738319	0.775819	22	11	3062
19	91.6128	-24.7474	214	0.391643	-0.104923	0.914115	1.8368	22	11	3346
20	77.7328	23.4415	214	0.441386	0.265852	0.85703	0.76355	22	11	3665
21	90.1509	-84.8391	216	0.0319996	-0.990889	-0.130824	0.257057	22	11	3665
22	37.7432	-75.2387	214	0.153713	-0.317544	0.935702	1.51161	22	11	3815
23	63.0898	52.0207	214	0.483867	0.442667	0.75493	1.4797	22	11	3836
24	3.52478	17.6803	214	0.0159862	0.0821092	0.996495	1.51801	22	11	3975
25	13.3719	-11.3842	214	0.0630746	-0.05256	0.996624	3.56618	22	11	4059
26	-11.1221	-177.094	216	-0.0992454	-0.201329	-0.974483	0.243257	22	11	4059
27	-6.15437	-93.5828	214	-0.0091425	-0.6989	0.715161	0.546071	22	11	4074
28	91.7536	26.5161	214	0.791302	0.0574975	0.608716	0.58839	22	11	4213
29	-4.26571	-28.2766	214	-0.13822	-0.263861	0.954606	1.2985	22	11	4334
30	-32.097	-5.79427	214	-0.150661	0.0554037	0.987032	1.9315	22	11	4426
31	10.8496	-126.13	214	0.0227601	-0.522143	0.852554	2.59643	22	11	4541
32	192.034	-4.5884	214	0.872051	-0.00984707	0.489316	0.185033	22	11	4581
33	-70.1787	66.9374	214	-0.389413	0.308166	0.867981	0.63921	22	11	4587
34	51.8755	172.466	216	0.786362	0.590288	-0.182194	0.144342	22	11	4587
35	119.041	-104.772	214	0.590118	-0.51806	0.619173	0.34358	22	11	4841
36	-160.702	133.847	214	-0.616642	0.588208	0.523225	0.854186	22	11	5016
37	17.3638	83.0751	214	0.168633	0.42092	0.891285	1.48743	22	11	5066
38	100.292	195.784	214	0.393541	0.772847	0.497828	0.342814	22	11	5203
39	58.0735	-90.0752	214	0.302723	-0.475672	0.82589	1.38164	22	11	5389
40	5.79738	-11.1028	214	0.0269055	-0.0530063	0.998232	0.965334	22	11	5560
41	-29.9049	-13.9521	214	-0.192658	-0.181489	0.964336	0.581876	22	11	5561
42	53.983	130.345	214	0.210611	0.57066	0.793719	1.07613	22	11	5753
43	174.994	49.4755	214	0.544856	0.0836094	0.834351	0.809567	22	11	5892
44	4.21284	-35.0244	214	0.0205553	-0.162962	0.986418	2.21741	22	11	5995
45	108.741	-125.913	214	0.531661	-0.584347	0.613086	0.764719	22	11	6316
46	-43.2056	-36.019	214	0.0392121	-0.49915	0.865628	0.146137	22	11	6343
47	131.482	49.5328	214	0.680389	0.229287	0.696059	0.604818	22	11	6417
48	-34.812	-13.0881	214	0.0238501	0.198677	0.979775	0.227694	22	11	6419
49	10.4021	7.48705	214	0.0479366	0.0348336	0.998243	0.290735	22	11	6421
50	41.2217	6.70537	214	0.445134	0.185407	0.876059	0.588742	22	11	6498
51	-18.0819	-88.2515	214	-0.0784033	-0.382142	0.920772	3.29301	22	11	6535
52	-191.482	-131.291	214	-0.741104	-0.41201	0.530105	1.03828	22	11	6586
53	143.817	-176.604	214	0.588327	-0.727299	0.353422	0.517822	22	11	6587
54	33.3571	-44.7298	214	0.309457	-0.245002	0.918809	0.90048	22	11	6627
55	4.97582	18.3906	214	-0.0136439	0.180759	0.983433	0.918679	22	11	6970
56	138.192	-24.5479	216	0.865969	-0.346164	-0.360926	0.253651	22	11	6970
57	18.5177	140.476	214	0.159634	0.685505	0.710352	0.853463	22	11	6981
58	8.24617	14.1548	214	0.108315	0.183928	0.976954	3.33005	22	11	6990
59	101.057	141.994	214	0.313192	0.672702	0.67036	1.40679	22	11	7341
60	-35.4444	-2.55872	214	-0.510887	-0.145638	0.847222	0.581961	22	11	7499
61	18.6867	30.8199	214	0.0977223	0.154088	0.983213	0.691002	22	11	7585
62	69.0404	-112.507	214	0.200964	-0.437837	0.876306	1.62928	22	11	7853
63	-10.2563	-63.3989	214	0.005748	-0.811175	0.584775	0.773516	22	11	7959
64	-18.7101	15.8811	214	-0.27426	-0.0653723	0.959431	0.932744	11	11	7959
65	111.706	21.6472	214	0.602128	0.147649	0.784629	1.35187	22	11	7995
66	-23.5078	-97.4594	214	-0.19189	-0.587607	0.786064	0.995573	22	11	8505
67	6.80097	7.97818	214	0.0296032	0.0371764	0.99887	2.65658	22	11	8699
68	154.584	144.42	214	0.599774	0.701299	0.385294	0.271241	22	11	8781
69	-12.1088	-4.02255	214	-0.0544075	-0.0151153	0.998404	2.00856	22	11	8831
70	88.8281	-1.38207	214	0.554855	0.0101508	0.831885	0.61798	22	11	8883
71	29.3923	-177.836	214	0.00872519	-0.478923	0.877814	0.383016	11	11	8998
72	16.5641	164.313	214	0.108872	0.73177	0.6728	1.24885	22	11	9055
73	-1.90843	-39.981	214	0.0287362	-0.395145	0.918169	0.25802	22	11	9094
74	-5.94673	-77.8283	216	-0.218913	-0.798195	-0.561215	0.138905	22	11	9094
75	123.902	-88.7328	214	0.490864	-0.487943	0.721779	0.346565	22	11	9182
76	74.5691	20.9404	214	0.434896	0.242388	0.867245	0.76363	22	11	9326
77	-85.3298	-63.4993	214	-0.555056	-0.375695	0.742136	0.342301	22	11	9408
78	-121.109	15.1078	214	-0.714538	0.0694077	0.696145	0.998389	22	11	9685
79	14.1745	-14.3439	214	0.065157	-0.0666397	0.995647	2.08805	22	11	10213
80	-12.5291	59.336	214	-0.0545303	0.266109	0.962399	3.86615	22	11	10398
81	14.1425	-36.2182	214	0.184944	-0.415919	0.890397	0.515198	22	11	10569
82	86.552	135.502	214	0.359109	0.545222	0.757478	1.18677	22	11	10725
83	-7.36186	6.3339	214	-0.0330494	0.0305009	0.998988	2.60701	22	11	11008
84	-5.64089	-25.0622	214	0.0630477	-0.503677	0.861588	0.49762	22	11	11039
85	44.5059	-34.8481	214	0.232375	-0.310053	0.921883	1.81098	22	11	11303
86	50.9982	-40.1103	216	0.068316	0.0192423	-0.997478	0.248183	22	11	11303
87	9.95472	-9.00908	214	0.0468084	-0.041569	0.998039	5.02803	22	11	11546
88	-62.2131	45.7765	214	-0.569014	0.210392	0.794958	0.653005	22	11	11658
89	-93.516	-139.054	214	-0.428163	-0.679916	0.595306	0.830423	22	11	11789
90	20.2709	-119.981	214	-0.0458573	-0.678093	0.733544	0.865072	22	11	12224
91	2.77429	-24.629	214	0.0116999	-0.1132	0.993503	2.67118	22	11	12499
92	-49.2859	-7.17213	214	-0.17401	0.157186	0.972118	1.19644	22	11	12844
93	-8.79927	8.25341	214	-0.0406064	0.0388095	0.998421	4.24806	22	11	13053
94	8.6667	45.7409	214	0.163026	0.328399	0.930364	1.17584	22	11	13089
95	-12.4957	62.6355	216	-0.737463	0.458334	-0.496063	0.294325	22	11	13089
96	88.5675	-96.2331	214	0.576421	-0.582524	0.573067	0.194716	22	11	13572
97	-60.7488	1.64735	214	-0.260324	-0.11674	0.958438	0.965849	22	11	13587
98	8.00769	-6.08456	214	0.0386014	-0.0508363	0.997961	5.05427	22	11	13608
99	137.502	-13.3119	214	0.551038	-0.349016	0.757988	0.202365	22	11	13622
100	-4.55797	95.943	214	-0.0200798	0.409753	0.911975	3.05819	22	11	13792
101	69.9817	1.32957	214	0.311071	0.00325417	0.950381	2.83917	22	11	14053
102	81.7124	4.49019	214	0.481327	-0.0201795	0.876309	1.36845	22	11	14187
103	-0.0512733	-8.59792	214	0.00181513	-0.0410399	0.999156	1.83924	22	11	14188
104	52.524	-73.4851	214	0.491931	-0.476518	0.728652	0.271075	22	11	14330
105	-38.9387	35.5149	214	-0.567925	0.391962	0.723759	0.156613	22	11	14351
106	9.55345	10.6308	214	0.0440353	0.049357	0.99781	2.85093	22	11	14765
107	61.4107	-104.623	214	0.377961	-0.636554	0.672268	0.317106	22	11	15032
108	-57.6159	26.0369	214	-0.259179	0.11706	0.958709	1.87325	22	11	15307
109	29.1024	1.27151	214	0.134317	0.00568544	0.990922	5.14914	22	11	15454
110	-12.1431	-20.9361	214	-0.140549	-0.113504	0.983546	2.12393	22	11	15830
111	69.667	-39.066	214	0.730818	-0.400668	0.552603	0.163981	22	11	15890
112	-98.8403	101.293	214	-0.384866	0.613801	0.689295	1.30803	22	11	15892
113	7.1858	74.0477	214	-0.182439	0.74352	0.643346	0.596635	22	11	16184
114	-1.42553	14.3882	214	-0.0638778	0.029061	0.997535	2.20468	22	11	16515
115	-40.7393	-38.0564	214	-0.491025	-0.0680538	0.868483	0.950474	22	11	16793
116	150.085	99.6694	214	0.714791	0.531811	0.454148	0.537911	22	11	16882
117	-15.3056	100.16	214	-0.137569	0.851025	0.506785	0.3592	22	11	16959
118	24.137	-14.3341	214	0.359281	-0.319243	0.876927	0.537795	22	11	17019
119	-57.1812	1.16836	214	-0.440361	0.07463	0.894714	0.920167	22	11	17444
120	12.7003	-185.386	214	0.00992764	-0.890273	0.45532	0.296632	22	11	17801
121	-64.2185	67.5261	214	-0.457269	0.598682	0.657636	0.466158	22	11	17811
122	-34.7972	-112.453	214	-0.0981375	-0.641204	0.761069	1.25627	22	11	18154
123	51.8019	34.7073	214	0.3936	0.189622	0.899512	0.442646	22	11	18513
124	6.01126	90.6082	214	0.0196784	0.516361	0.856145	2.07931	22	11	18695
125	42.2058	-4.90353	214	0.132222	0.0228648	0.990956	1.22901	22	11	18752
126	23.0741	48.5272	214	0.220806	0.406256	0.88668	1.62929	22	11	18876
127	-52.1556	-171.28	214	-0.196474	-0.804768	0.560131	0.510999	22	11	18911
128	95.3749	-90.4277	214	0.594084	-0.531634	0.60368	0.721565	11	11	18939
129	-4.25658	7.76929	214	-0.075366	0.140725	0.987176	1.16668	22	11	19216
130	-60.8189	-3.84179	214	-0.273855	-0.0178352	0.961606	3.10447	22	11	19448
131	32.3292	-180.01	214	0.108885	-0.739864	0.663886	1.40726	22	11	19462
132	58.1961	-53.0066	214	0.258547	-0.228613	0.938557	2.67435	22	11	19879
133	92.0695	-71.6379	214	0.771194	-0.280897	0.571276	0.683344	22	11	19897
134	-88.4162	27.2245	214	-0.78243	0.298999	0.546263	0.308364	22	11	20055
135	29.2779	-51.4695	214	0.0926508	-0.52611	0.845355	0.731871	22	11	20076
136	-9.6272	115.5	214	-0.0679913	0.699031	0.711852	0.832247	22	11	20361
137	-39.7988	-8.09068	214	-0.182952	-0.0370967	0.982422	3.99705	22	11	20591
138	46.1178	-52.9381	214	0.444721	-0.126799	0.886648	0.535024	22	11	20724
139	-62.1449	-60.4139	214	-0.51049	-0.491109	0.705841	0.379648	22	11	20999
140	-140.155	-80.7037	214	-0.693787	-0.386853	0.607457	0.805312	22	11	21234
141	-90.6554	42.3861	214	-0.55459	0.266934	0.788147	0.403367	22	11	21571
142	-0.595896	-9.14914	214	-0.304231	-0.187543	0.933955	0.977962	22	11	21801
143	10.9951	29.2128	214	0.307446	0.0667198	0.949224	0.301388	22	11	22148
144	-99.5537	-138.502	214	-0.534384	-0.641411	0.550477	0.676121	22	11	22215
145	103.277	-193.013	214	0.423435	-0.769827	0.477566	0.961181	11	11	22246
146	53.0625	44.0062	214	0.43105	0.329318	0.840087	2.80278	22	11	22385
147	-23.8214	-34.4508	214	-0.107779	-0.157846	0.981564	1.6876	22	11	22612
148	24.2158	2.49305	214	0.112033	0.0119126	0.993633	3.23521	22	11	23263
149	-123.911	-138.686	214	-0.542547	-0.642859	0.540718	0.619008	11	11	23402
150	55.668	-46.8194	214	0.344153	-0.198096	0.917778	1.15721	22	11	23532
151	31.608	33.045	214	0.0865786	0.0855648	0.992564	2.74199	22	11	23702
152	-5.57859	61.9259	214	-0.110583	0.22386	0.968328	0.858342	22	11	23799
153	39.1037	-45.7722	214	0.36601	-0.42462	0.828091	0.731887	22	11	23977
154	-117.127	-100.794	214	-0.633765	-0.54183	0.552053	0.439209	22	11	24065
155	-60.4773	-47.7923	214	-0.513808	-0.467403	0.7194	0.96058	22	11	24477
156	9.60463	21.8057	214	-0.0338676	0.384431	0.922532	0.737093	22	11	24584
157	-44.4679	-119.825	214	-0.21506	-0.638941	0.738583	0.400993	22	11	24622
158	-9.63493	-7.69464	214	-0.0446218	-0.0354373	0.998375	4.04247	22	11	24662
159	-10.7194	-1.92467	214	-0.0516758	-0.0086845	0.998626	3.48592	22	11	24876
160	-78.6372	-163.926	214	-0.310734	-0.74155	0.5946	0.885617	22	11	24899
161	7.49667	-88.6262	214	0.205246	-0.808464	0.551597	0.273509	22	11	25031
162	-13.4565	-4.49461	214	-0.0638219	-0.0235912	0.997682	2.44861	22	11	25309
163	142.083	-175.249	214	0.560752	-0.686812	0.462435	0.510999	22	11	25310
164	135.454	20.6891	214	0.760543	0.0945975	0.642359	1.39554	11	11	25310
165	18.2746	139.961	214	0.0308762	0.619407	0.784462	0.947275	22	11	25763
166	3.96917	-41.1075	214	-0.0285034	-0.221687	0.974701	1.56739	22	11	25798
167	-35.2068	-62.6252	214	0.123994	-0.636232	0.761469	0.750978	22	11	26274
168	-4.21397	-150.542	214	-0.0592762	-0.779496	0.623596	0.705789	22	11	26300
169	-109.618	183.598	214	-0.348523	0.584544	0.732694	1.87312	22	11	26406
170	-5.47888	-3.09377	214	-0.0261372	-0.0180216	0.999496	1.81392	22	11	26632
171	64.8087	165.842	214	0.277786	0.761818	0.585208	0.719207	22	11	26865
172	-29.7405	-11.1906	214	-0.00117808	-0.296778	0.954946	0.677342	22	11	26894
173	2.03759	8.8779	214	0.0096084	0.0420265	0.99907	2.17132	22	11	27029
174	28.7915	-17.651	214	0.132383	-0.0815093	0.987842	1.98308	22	11	27129
175	-93.052	-79.3756	214	-0.58376	-0.464931	0.66563	0.975168	22	11	27290
176	117.781	-2.54068	214	0.695761	0.0299571	0.717648	0.379353	22	11	27329
177	-78.7828	-35.0867	214	-0.265468	-0.263944	0.927287	1.1653	22	11	27389
178	48.4309	-21.2952	214	0.432966	-0.40918	0.803189	0.833662	22	11	27834
179	2.31474	80.2933	214	0.188657	0.623225	0.758946	0.93351	22	11	27904
180	34.017	97.2022	216	0.937754	0.145137	-0.31552	0.162798	22	11	27904
181	-85.3945	54.6167	214	-0.546927	0.317962	0.774449	0.325312	22	11	27911
182	4.06701	-7.01345	214	0.0195372	-0.0310056	0.999328	1.06155	22	11	28203
183	-77.0573	-45.0301	214	-0.505629	-0.354606	0.786507	1.25883	22	11	28456
184	-16.7134	-11.9813	214	0.241811	-0.356603	0.90242	0.331914	22	11	28799
185	-73.524	123.864	214	-0.29452	0.63493	0.714228	0.759066	22	11	28848
186	7.75369	19.3265	214	0.0365961	0.090318	0.99524	1.86518	22	11	28920
187	-138.591	-36.9286	214	-0.758136	-0.181334	0.626377	0.629006	22	11	29429
188	12.7245	-0.517179	214	0.0594331	-0.00203801	0.99823	4.05599	22	11	29610
189	35.7801	-70.6954	214	0.228588	-0.369384	0.900724	2.39442	11	11	30039
190	-112.845	37.0277	214	-0.699014	0.223623	0.679244	0.12475	22	11	30070
191	-57.3417	73.3101	214	-0.404424	0.568436	0.716465	1.23323	22	11	30079
192	62.0935	78.7448	214	0.263661	0.335564	0.904367	1.47291	22	11	30308
193	-77.3883	-96.0685	214	-0.624302	-0.619128	0.476369	0.394833	22	11	31108
194	119.162	-24.1179	214	0.688361	-0.194108	0.698915	0.806508	22	11	31187
195	-27.3684	114.65	214	-0.209721	0.59724	0.774158	0.620335	22	11	31229
196	126.676	-10.9772	214	0.851385	-0.0488656	0.522261	0.297486	22	11	31579
197	-97.1919	74.4121	214	-0.489665	0.446204	0.749086	1.50884	22	11	31650
198	151.508	92.6105	214	0.726895	0.380366	0.571791	0.60763	22	11	31977
199	-60.7572	32.7533	214	-0.339871	0.157223	0.927237	1.17361	22	11	32074
200	-24.5688	-24.9445	214	-0.254803	-0.0237071	0.966702	1.82757	22	11	32093
201	16.3071	-19.6701	214	0.278868	0.230972	0.93214	0.294665	22	11	32240
202	91.3556	184.699	214	0.411581	0.791487	0.451829	0.335034	22	11	32488
203	4.22503	11.7317	214	0.0213878	0.0536534	0.998331	3.36066	22	11	32537
204	-2.07492	-32.7435	214	0.0535965	-0.246087	0.967765	3.57866	22	11	32566
205	-99.4124	-13.1934	214	-0.609107	-0.105012	0.786105	0.329343	22	11	32779
206	-42.2122	7.49372	214	-0.572968	-0.0119305	0.819491	1.67255	22	11	33054
207	57.7948	-166.244	214	0.214922	-0.772581	0.597434	0.778635	22	11	33208
208	-47.3362	56.5197	214	-0.181787	0.35018	0.918873	1.71931	22	11	33232
209	137.277	-199.684	214	0.505487	-0.527169	0.683064	1.68377	22	11	33386
210	-7.53724	-21.7268	214	0.159931	-0.207939	0.964978	0.579607	22	11	33417
211	-16.1172	-8.29334	214	-0.0754691	-0.0391243	0.99638	3.21213	22	11	33658
212	-26.6956	-104.671	214	-0.20772	-0.588052	0.781696	0.300162	22	11	33659
213	-0.787284	-7.76473	214	-0.00612458	-0.0358266	0.999339	4.25706	22	11	33890
214	82.485	8.23011	214	0.499109	0.124836	0.8575	1.48117	22	11	33946
215	-64.6005	136.02	214	-0.358123	0.733568	0.577603	0.208102	22	11	34110
216	50.3367	61.0695	214	0.359959	0.326569	0.873946	1.6691	22	11	34184
217	-103.007	20.4091	214	-0.662176	0.130442	0.737908	0.386205	22	11	34198
218	147.844	82.2576	214	0.693524	0.373352	0.616143	0.543243	22	11	34711
219	-7.95145	-7.42036	214	-0.0339914	-0.0388655	0.998666	0.774768	22	11	34757
220	-38.3947	-13.5361	214	-0.128457	-0.190368	0.973272	0.807795	22	11	34810
221	55.9218	5.34906	214	0.738528	0.172174	0.651869	0.742847	22	11	35395
222	9.98409	2.95325	214	0.101411	-0.0175656	0.99469	0.377471	11	11	35638
223	41.3393	-178.607	214	0.176513	-0.77579	0.605799	1.03038	22	11	36014
224	44.3741	145.778	214	0.285017	0.824035	0.489624	0.717724	22	11	36310
225	-102.19	90.838	214	-0.502037	0.469312	0.726433	1.28522	22	11	36485
226	13.9125	-0.408319	214	0.0652398	-0.00170847	0.997868	2.97546	22	11	36592
227	-150.125	51.6662	214	-0.657786	0.0513563	0.751452	1.37824	22	11	36747
228	38.5083	-22.4112	214	0.496696	-0.353163	0.792824	0.603767	22	11	36782
229	4.31155	-2.02684	214	0.0214143	-0.0105782	0.999715	2.29185	22	11	36852
230	-11.7188	3.50618	214	-0.0556595	0.015532	0.998329	2.20065	22	11	36892
231	-64.9217	65.1417	214	-0.22201	0.473584	0.852308	1.0638	22	11	37093
232	49.2282	147.697	214	0.22052	0.70599	0.673015	0.762697	22	11	37564
233	-24.1068	-20.0544	214	-0.244786	-0.240151	0.939365	0.812862	22	11	37596
234	123.979	-81.4853	214	0.615289	-0.418231	0.668209	1.07304	22	11	37644
235	-15.6581	24.2818	214	-0.300363	0.118375	0.946451	0.571727	22	11	37784
236	-40.2673	29.9941	216	-0.699377	0.12309	-0.704074	0.258695	22	11	37784
237	54.4619	-83.3924	214	0.320046	-0.523165	0.789853	1.23933	22	11	37856
238	55.1079	-110.094	216	-0.0181091	-0.86315	-0.504623	0.133762	22	11	37856
239	39.865	-4.44033	214	0.122261	-0.0324169	0.991968	0.63257	22	11	38010
240	6.89845	-82.2622	214	0.0756999	-0.408622	0.909559	2.06142	22	11	38196
241	12.6256	-0.0156622	214	0.0595713	0.000392534	0.998224	2.05323	22	11	38413
242	87.0046	34.5704	214	0.586902	0.164416	0.792788	0.510999	22	11	38586
243	19.8844	-24.6061	214	0.0901886	-0.113645	0.989419	2.05349	22	11	38642
244	-13.2665	-36.0068	214	-0.254444	-0.481487	0.838707	0.778787	22	11	38831
245	-41.3701	-50.1141	216	-0.758146	-0.474766	-0.447003	0.141734	22	11	38831
246	15.0272	22.6287	214	0.0960082	0.335641	0.937085	0.76936	22	11	38876
247	-9.7396	-76.1247	214	-0.00264033	-0.460841	0.887479	0.655864	22	11	38964
248	-70.4741	-88.8695	214	-0.476253	-0.480486	0.736421	0.782871	22	11	39116
249	-10.9121	-44.4183	214	-0.0773186	-0.365588	0.92756	1.70145	22	11	39156
250	-22.9402	-69.8944	216	-0.404407	-0.716217	-0.568761	0.338628	22	11	39156
251	3.66527	10.6055	214	0.0133918	0.0494309	0.998688	1.54186	22	11	39464
252	51.082	-17.045	214	0.230231	-0.0786904	0.969949	2.23141	22	11	39779
253	-9.98699	-8.99032	214	-0.0455692	-0.0437793	0.998001	0.969225	22	11	39842
254	-140.298	-102.715	214	-0.693913	-0.542517	0.473456	0.81434	22	11	40134
255	25.5905	-3.57847	214	0.334288	0.0871589	0.938432	0.909473	22	11	40143
256	-12.426	-50.0029	214	-0.0551864	-0.229576	0.971725	2.04169	22	11	40409
257	-41.8073	74.8222	214	-0.337938	0.361514	0.868968	1.41928	22	11	40427
258	-51.0431	75.6867	216	-0.401327	-0.349429	-0.846662	0.251043	22	11	40427
259	-18.136	61.5247	214	-0.0796081	0.56753	0.819495	1.59882	22	11	40594
260	-4.00631	5.02334	214	-0.017829	0.0227775	0.999582	1.36676	22	11	41130
261	5.39748	10.4825	214	0.0249095	0.048698	0.998503	4.43231	22	11	41256
262	-18.1031	-30.5335	214	-0.346849	-0.394823	0.85077	1.19977	22	11	41268
263	-19.8831	6.73887	216	0.233824	0.898299	-0.372002	0.244342	22	11	41268
264	-92.4262	17.9084	214	-0.395007	0.0766064	0.915478	2.68303	22	11	41630
265	29.5065	-26.6726	214	0.289976	-0.0714452	0.954363	1.31464	22	11	42034
266	-3.55365	57.9818	214	-0.229805	0.354556	0.906355	0.877479	22	11	42217
267	55.4009	-70.9374	214	0.561669	-0.613348	0.555277	0.510999	22	11	42345
268	-11.6862	73.2981	214	-0.0116469	0.389057	0.92114	1.30556	22	11	42918
269	-87.1426	63.8989	216	-0.976693	-0.174446	-0.125057	0.293632	22	11	42918
270	192.944	-119.129	214	0.771286	-0.510985	0.379489	0.280021	22	11	43202
271	-92.8505	81.5304	214	-0.586798	0.500406	0.636602	0.678373	22	11	43313
272	6.0813	13.3249	214	0.0267294	0.0607601	0.997794	0.683095	22	11	43318
273	-15.9445	159.187	214	-0.0683365	0.821428	0.566203	1.93188	11	11	43325
274	31.6963	60.7761	214	0.376094	0.435649	0.81778	0.445533	22	11	43448
275	30.0641	85.7417	216	-0.417219	-0.122592	-0.900499	0.163975	22	11	43448
276	14.4113	-3.88755	214	0.0655543	-0.0187367	0.997673	2.28585	22	11	43498
277	0.117214	35.6498	214	-0.151611	0.376012	0.914127	1.7114	22	11	43565
278	3.1206	50.8894	216	0.345533	0.572864	-0.743259	0.419406	11	11	43565
279	-50.3727	-108.297	214	-0.284848	-0.573202	0.768311	1.05875	22	11	43759
280	-160.999	-14.0294	214	-0.728436	-0.0863108	0.679655	0.845208	22	11	43905
281	3.53265	24.4039	214	-0.0798538	0.151658	0.985202	1.14007	22	11	43929
282	-8.16101	-8.95801	214	-0.0384834	-0.0427949	0.998342	3.74539	22	11	44135
283	-37.0605	53.6101	214	-0.282799	0.466764	0.837948	1.95065	22	11	44407
284	-65.3748	173.179	216	-0.0397455	0.836965	-0.545812	0.153835	22	11	44407
285	-92.6102	-71.6971	214	-0.314268	-0.452572	0.834515	0.822517	22	11	44657
286	-94.1032	-142.389	214	-0.403867	-0.692763	0.59747	0.8872	22	11	45120
287	-0.829686	-180.389	214	-0.00113765	-0.816108	0.577899	0.754531	22	11	45320
288	138.225	158.932	214	0.644324	0.551642	0.529658	0.851895	22	11	45423
289	151.904	-87.5271	214	0.839153	-0.441338	0.317873	0.217078	22	11	45827
290	92.9547	-47.9236	214	0.392849	-0.20013	0.897562	2.34909	22	11	46196
291	-68.8279	-42.3386	214	-0.723696	-0.419298	0.548136	0.835598	22	11	46301
292	7.80045	1.01023	214	-0.0719552	-0.112219	0.991075	0.177009	22	11	46305
293	111.621	50.1973	214	0.732072	0.333774	0.593857	0.595095	22	11	46315
294	160.701	-51.2452	214	0.823425	-0.236469	0.515803	0.457511	22	11	46480
295	-134.516	123.681	214	-0.766612	0.521308	0.374891	0.774837	22	11	46602
296	9.87458	6.66328	214	0.0454196	0.029477	0.998533	1.61675	22	11	47230
297	-15.3105	7.80459	214	-0.0791276	0.0441087	0.995888	0.795706	22	11	47320
298	31.4442	7.89933	214	0.146615	0.0383157	0.988451	1.79978	22	11	47676
299	-137.47	10.0311	214	-0.760487	0.0428152	0.64794	0.452145	22	11	47930
300	38.4877	-22.1603	214	0.176166	-0.101402	0.979124	4.24805	22	11	47965
301	-14.6162	15.6829	214	-0.261602	0.305682	0.915491	2.33135	22	11	48173
302	-78.8462	-14.4078	214	-0.727171	-0.0996272	0.679189	0.194333	22	11	48296
303	19.8475	82.525	214	0.20915	0.8044	0.556054	0.121836	22	11	48296
304	21.4615	-77.6934	214	0.348367	-0.646047	0.679164	0.871376	22	11	48305
305	119.152	176.6	214	0.502063	0.700589	0.507058	0.511282	22	11	48552
306	65.558	-146.456	214	0.35483	-0.591709	0.723862	1.49581	22	11	49076
307	78.9183	-42.9735	214	0.472618	-0.283684	0.834359	0.946473	22	11	49274
308	128.698	-48.8643	216	0.898092	0.02643	-0.439014	0.305554	22	11	49274
309	2.78801	11.8784	214	0.013147	0.0549971	0.9984	0.824496	22	11	49321
310	59.6402	-12.3066	214	0.270771	-0.0538881	0.961134	2.64627	22	11	49635
311	-19.6531	-50.9966	214	-0.0895086	-0.231264	0.968765	2.91106	22	11	49664
312	129.315	-32.8019	214	0.71073	-0.171228	0.682308	0.629937	22	11	49688
313	-34.592	-27.7958	214	-0.15716	-0.127932	0.979252	2.70671	22	11	50188
314	-30.3014	-1.92932	214	-0.286339	-0.0191098	0.957938	0.823583	22	11	50287
315	79.8762	-52.1042	214	0.535169	-0.424346	0.730428	1.14116	22	11	50389
316	80.8924	-35.2498	216	-0.360321	0.74427	-0.562344	0.114556	22	11	50389
317	-3.91652	14.0852	214	0.0883477	0.37182	0.924091	0.890463	22	11	50455
318	-19.3954	-99.9896	214	-0.138771	-0.575329	0.806064	0.770534	22	11	50537
319	-25.886	7.85001	214	-0.254721	0.0916038	0.962666	1.15653	22	11	50677
320	6.49322	-16.1045	214	0.0289369	-0.0735346	0.996873	1.27118	22	11	50757
321	-100.347	106.175	214	-0.536458	0.609143	0.584087	0.630548	22	11	50801
322	81.1483	-72.1219	214	0.366029	-0.457776	0.810224	1.41954	22	11	50916
323	2.80714	-3.95482	214	0.0130215	-0.0200613	0.999714	0.711565	22	11	51214
324	-46.0905	42.8249	214	-0.370644	0.262068	0.891035	1.31071	22	11	51228
325	-48.8413	5.62946	216	0.362771	-0.48785	-0.793977	0.235471	22	11	51228
326	165.082	-129.68	214	0.549179	-0.464052	0.695024	1.59941	22	11	51381
327	20.6621	-1.51305	214	0.0215754	-0.0417009	0.998897	2.76415	22	11	51422
328	36.367	34.9598	214	0.247095	0.394	0.885273	0.357763	22	11	51511
329	-27.7181	160.809	214	-0.125665	0.920821	0.369185	0.45683	22	11	51738
330	-26.1786	-26.4147	214	-0.120435	-0.123897	0.984959	1.14488	22	11	51798
331	37.1174	-84.1084	214	0.212847	-0.497989	0.840656	0.597115	22	11	51855
332	-131.104	-198.098	214	-0.494891	-0.727959	0.474509	0.466748	22	11	52323
333	94.7188	-35.2153	214	0.516665	-0.266551	0.813639	1.40096	22	11	52532
334	-104.861	73.0637	214	-0.704448	0.45833	0.541928	0.581524	22	11	52821
335	-20.1575	33.0164	214	-0.130673	0.148125	0.980298	1.42716	22	11	52947
336	-44.1245	46.8687	214	-0.475326	0.560359	0.67828	0.60565	22	11	53073
337	-64.6876	61.4323	214	-0.510921	0.411747	0.754602	0.656992	22	11	53107
338	106.393	1.63123	214	0.583483	0.0975789	0.806242	1.22543	22	11	53124
339	120.435	-56.732	214	0.653378	-0.296672	0.696479	0.59403	22	11	53169
340	-176.955	68.4034	214	-0.77631	0.332863	0.5353	0.779201	22	11	53723
341	-44.3463	36.5077	214	-0.617899	0.307743	0.72353	0.708794	22	11	53833
342	-80.1783	0.982964	214	-0.620121	0.021358	0.784215	2.18278	22	11	54101
343	64.9214	0.421067	214	0.290353	0.00297515	0.956915	2.03116	22	11	54829
344	16.0797	40.6276	214	0.138876	0.432094	0.891071	1.06346	22	11	55438
345	82.1322	46.1132	216	0.896681	0.222326	-0.382798	0.334167	22	11	55438
346	-42.3123	18.0046	214	-0.343699	0.0530726	0.937579	1.36499	22	11	55853
347	-6.63752	-5.92424	214	-0.0248309	-0.0352142	0.999071	1.58018	22	11	56074
348	-52.9633	79.5051	214	-0.27552	0.487653	0.828422	0.898221	22	11	56113
349	-67.1698	152.97	216	-0.113106	0.949834	-0.291587	0.393848	22	11	56113
350	-30.3278	-5.15757	214	-0.293199	0.146826	0.94471	0.362791	22	11	56301
351	-59.8146	-45.3954	214	-0.55513	-0.264413	0.788617	1.00799	22	11	56456
352	-173.796	-99.0421	214	-0.80635	-0.391674	0.44316	0.634117	11	11	56671
353	-169.355	-108.766	214	-0.719456	-0.542954	0.433111	0.510999	22	11	56782
354	-105.495	-66.5055	214	-0.590289	-0.349632	0.727541	0.984376	22	11	56899
355	-11.5999	3.82444	214	-0.0541976	0.0176229	0.998375	3.22044	22	11	57024
356	-63.0466	16.9482	214	-0.372737	0.0531652	0.926413	0.684187	22	11	57181
357	24.8863	86.1904	214	0.0743554	0.677068	0.732154	0.251097	22	11	57193
358	65.8758	-171.137	214	0.340287	-0.840454	0.421712	0.521737	22	11	57371
359	-61.6973	-185.95	214	-0.21265	-0.641774	0.736821	2.14996	22	11	57528
360	44.4621	-3.57629	214	0.418422	0.0602583	0.906251	1.42972	22	11	57611
361	-102.01	-104.133	214	-0.606796	-0.540394	0.5829	0.460699	22	11	57758
362	-111.953	-24.4731	214	-0.583552	0.0776096	0.808359	0.845684	22	11	57884
363	42.0731	162.037	214	0.200505	0.787984	0.582133	0.58928	22	11	58082
364	-60.4435	-95.7807	214	-0.310613	-0.500575	0.80805	1.23353	22	11	58141
365	-2.76041	13.5805	214	-0.0156266	0.0657531	0.997714	2.21981	22	11	58201
366	52.2086	-45.7379	214	0.282904	-0.488947	0.825164	0.75921	22	11	58211
367	1.82187	5.97487	214	0.00887658	0.0297334	0.999518	1.39176	22	11	58398
368	-139.772	-11.6312	214	-0.911696	-0.0544318	0.407243	0.457227	22	11	58482
369	3.5697	-81.9046	214	-0.0763258	-0.733007	0.675925	0.558061	22	11	58485
370	-25.2217	-100.386	216	-0.928478	-0.268664	-0.256415	0.280012	22	11	58485
371	-197.201	33.1439	214	-0.873455	0.179032	0.452796	0.521935	22	11	58695
372	17.2074	-40.7537	214	0.0789698	-0.185477	0.97947	2.37266	22	11	58921
373	-97.8106	-49.3662	214	-0.708346	-0.42866	0.5608	0.651471	22	11	59000
374	192.18	80.5579	214	0.650206	0.429141	0.626953	1.31685	22	11	59040
375	-7.4294	87.2664	214	0.127512	0.531077	0.837674	1.54898	22	11	59341
376	-54.0585	-154.205	214	-0.277825	-0.73829	0.614606	2.33352	22	11	59474
377	-6.48972	88.0041	214	-0.0193701	0.692043	0.721597	0.487761	22	11	59656
378	160.264	36.953	214	0.930553	0.1797	0.319027	0.323867	22	11	59940
379	-18.9637	-4.41558	214	-0.222619	0.032778	0.974354	2.42523	22	11	60215
380	14.6566	-18.9888	214	-0.0730959	-0.275958	0.958386	1.42037	22	11	60658
381	-143.355	89.0629	214	-0.690334	0.396006	0.60549	0.571893	22	11	60703
382	29.3601	-52.6156	214	0.253904	-0.612197	0.748831	0.536844	22	11	60862
383	26.9145	-7.53014	214	0.125852	-0.0329586	0.991501	5.01063	22	11	60883
384	21.5267	26.311	214	0.224477	0.273377	0.935348	0.910953	22	11	60921
385	-118.19	19.0912	214	-0.908618	0.0866144	0.408548	0.546596	22	11	61197
386	-95.4056	-32.8697	214	-0.614058	-0.184003	0.767513	1.06189	22	11	61481
387	19.9793	35.686	214	0.0932696	0.161451	0.982463	1.87332	22	11	61592
388	-38.4089	-40.0729	214	-0.233537	-0.195078	0.952578	1.04459	22	11	61950
389	-45.9389	-101.8	214	-0.255338	-0.700538	0.66637	0.510999	22	11	61964
390	116.848	10.589	214	0.822534	0.315253	0.473343	0.625892	22	11	62009
391	5.25222	28.9642	214	0.025241	0.134379	0.990609	1.28821	22	11	62019
392	27.1849	-69.6512	214	0.291281	-0.28629	0.912794	0.948714	22	11	62091
393	6.26715	113.095	214	-0.0576356	0.887539	0.457114	0.330907	22	11	62167
394	-8.94205	-8.61243	214	-0.0431241	-0.0430582	0.998141	0.357268	22	11	62304
395	35.5773	-22.011	214	-0.0230182	-0.15501	0.987645	0.300109	22	11	62340
396	-44.9706	-54.3862	214	-0.347465	-0.319745	0.881494	1.6226	22	11	62491
397	125.453	-5.36459	214	0.793848	0.0345418	0.607135	1.24657	22	11	62857
398	38.0123	142.883	214	0.218601	0.860646	0.459894	0.685818	22	11	62880
399	-1.77471	4.62721	214	-0.109404	0.142859	0.983678	2.97483	22	11	62992
400	-136.795	70.0758	214	-0.722043	0.216258	0.65718	0.603184	22	11	63112
401	110.5	141.436	214	0.478233	0.62991	0.61197	1.06676	22	11	63292
402	43.2855	102.073	214	0.271587	0.606479	0.747277	1.11503	22	11	63370
403	-182.658	-164.137	214	-0.664447	-0.597756	0.448551	0.75712	22	11	63378
404	4.6278	29.9494	214	0.172513	0.328671	0.928555	1.06362	22	11	63580
405	-123.369	106.728	214	-0.595799	0.503664	0.625576	0.589373	22	11	63602
406	-2.52539	-15.4164	214	-0.0103608	-0.070846	0.997433	1.34806	22	11	63606
407	12.7229	26.1165	214	0.058757	0.122147	0.990771	1.09443	22	11	63966
408	-25.7244	10.6248	214	-0.298374	-0.22363	0.927881	1.86951	22	11	64425
409	-2.51231	127.718	214	-0.00639753	0.742133	0.670222	0.45855	22	11	64497
410	-116.623	10.8861	214	-0.640616	0.0148948	0.767717	0.824637	22	11	64593
411	-39.9121	-33.5964	214	-0.0844363	-0.504638	0.859192	0.317537	22	11	64634
412	30.737	-30.6568	214	0.261612	-0.16672	0.950665	2.11617	22	11	64653
413	72.6162	-107.826	214	0.384283	-0.581293	0.717234	0.540437	22	11	65029
414	-142.254	40.7257	214	-0.734599	0.22719	0.639335	0.43784	22	11	65366
415	30.9549	-1.43102	214	0.427799	-0.0382294	0.903065	0.388357	22	11	65565
416	-11.6698	22.7862	216	-0.655645	0.2044	-0.726877	0.159272	22	11	65565
417	-31.282	73.8157	214	-0.302824	0.408354	0.86113	1.11051	22	11	65624
418	-51.3612	65.0752	216	-0.823144	-0.33345	-0.459615	0.133423	22	11	65624
419	-3.19532	10.2446	214	-0.0638145	0.200846	0.977542	1.32856	22	11	65836
420	176.383	-50.2446	214	0.790048	-0.237566	0.565142	0.394561	22	11	65981
421	19.5022	-1.00937	214	0.0908029	-0.00530479	0.995855	4.17445	22	11	66019
422	55.153	10.4585	214	0.381132	-0.183085	0.906211	0.504259	22	11	66302
423	62.1509	-37.3172	214	0.48594	-0.134111	0.863642	0.423839	22	11	66650
424	85.6755	161.529	214	0.375661	0.708994	0.596831	1.09232	22	11	66736
425	-12.1629	9.33003	214	-0.0563317	0.0413281	0.997556	4.25628	22	11	67334
426	-17.9373	2.07279	214	-0.0838955	0.00830333	0.99644	1.11966	22	11	67430
427	67.9671	-69.2685	214	0.0723773	-0.356841	0.931357	1.00009	22	11	67557
428	29.3352	85.9419	214	0.22076	0.782493	0.58221	0.240495	22	11	67623
429	-29.7892	-86.6101	214	-0.193974	-0.574307	0.795327	0.964598	22	11	67689
430	-7.92085	7.91453	214	-0.0396717	0.0371972	0.99852	0.850797	22	11	67715
431	70.6873	-113.87	214	0.292965	-0.575602	0.763449	1.41308	22	11	67735
432	97.0551	1.24246	214	0.576137	0.00953807	0.817297	0.871681	22	11	68185
433	5.20719	-153.596	214	0.0502953	-0.796431	0.602634	0.277661	22	11	68434
434	3.09826	-20.1551	214	0.067581	-0.251224	0.965567	2.01358	22	11	68637
435	-14.8627	8.46031	214	-0.0692791	0.0395491	0.996813	1.25457	22	11	68680
436	16.69	-19.4071	214	-0.0411625	-0.126403	0.991125	1.33142	22	11	69059
437	90.5381	-10.6166	216	0.69149	0.170562	-0.701962	0.239062	22	11	69059
438	97.5767	49.9799	214	0.557422	0.272888	0.7841	0.584235	22	11	69103
439	-7.28017	-5.59555	214	-0.0346271	-0.0247463	0.999094	0.630631	22	11	69229
440	94.0769	-56.1716	214	0.494681	-0.179266	0.850385	2.82291	22	11	69446
441	74.8776	58.0556	214	0.145199	0.457089	0.877489	1.14381	22	11	69584
442	-64.3462	-110.3	214	-0.596417	-0.525472	0.606766	0.55961	22	11	69584
443	80.5514	68.8318	214	0.338789	0.289051	0.895361	4.87893	22	11	70031
444	73.2537	60.9559	214	0.34055	0.283586	0.89644	1.89027	22	11	70434
445	-137.103	169.851	214	-0.557433	0.67166	0.487998	0.199144	22	11	70462
446	-64.6208	-137.738	214	-0.348644	-0.746176	0.567158	0.123917	22	11	70631
447	14.0274	29.1944	214	0.128345	0.27361	0.953239	3.11365	22	11	70741
448	12.8325	-12.6285	214	0.0582484	-0.0586285	0.996579	0.781751	22	11	70915
449	191.88	34.6368	214	0.844059	0.101964	0.526468	1.61695	11	11	71197
450	6.4009	-97.1004	214	0.0789577	-0.455645	0.886653	2.61086	22	11	71467
451	118.124	145.965	214	0.505004	0.657959	0.558624	0.963689	22	11	72306
452	-106.932	-134.281	214	-0.393268	-0.497759	0.773031	2.37214	22	11	72509
453	29.1749	-80.0469	214	0.151287	-0.477398	0.865566	1.61201	22	11	72711
454	47.9072	-46.1975	214	0.600982	-0.0784472	0.795403	1.28421	22	11	72717
455	2.16411	-0.231951	214	0.0103614	-0.00232326	0.999944	1.91552	22	11	72809
456	-8.89775	-34.3022	214	-0.0796821	-0.117533	0.989867	1.95711	22	11	72900
457	68.5883	-131.67	214	0.503881	-0.703609	0.501037	0.598299	22	11	72946
458	158.298	-70.2673	214	0.785181	-0.328335	0.525058	0.911513	22	11	72967
459	0.936266	25.313	214	0.0041836	0.118003	0.993004	1.57638	22	11	73041
460	-26.5716	6.49525	214	-0.122802	0.0306951	0.991956	3.17609	22	11	73047
461	-41.1078	-36.8736	214	-0.233143	-0.218857	0.947495	3.75938	22	11	73334
462	-139.066	-66.7849	216	-0.434115	-0.432816	-0.790073	0.196873	22	11	73334
463	26.4825	7.64881	214	0.123292	0.0337392	0.991797	1.90648	22	11	73805
464	57.5107	106.859	214	0.513639	0.680937	0.522016	0.230249	22	11	74334
465	36.2417	41.845	214	0.164951	0.187415	0.968332	2.04064	22	11	74423
466	-0.51426	49.0379	214	-0.00293748	0.2238	0.974631	2.16038	22	11	74905
467	30.4203	22.8219	216	-0.149063	-0.328776	-0.93257	0.176092	22	11	74905
468	-49.6018	-33.7349	214	-0.348761	-0.200193	0.915581	1.28899	22	11	74943
469	146.763	116.66	214	0.618758	0.52413	0.585173	0.588741	22	11	75308
470	19.6112	-4.26911	214	0.0915612	-0.0197196	0.995604	2.52941	22	11	75449
471	-147.025	120.293	214	-0.670118	0.559445	0.487814	0.219505	22	11	75965
472	-60.0931	28.2828	214	-0.46331	0.44931	0.763849	0.204402	22	11	76251
473	6.61152	17.5507	214	0.375763	0.358765	0.854453	0.510999	22	11	76251
474	-35.6253	111.452	214	-0.212938	0.621159	0.754201	1.25858	22	11	76315
475	33.8863	-99.0527	214	0.428527	-0.699233	0.572222	0.468125	22	11	76378
476	-58.5989	-79.2707	214	-0.373863	-0.437536	0.817795	0.993696	22	11	76466
477	-47.902	-131.35	216	0.226617	-0.707939	-0.66893	0.150028	22	11	76466
478	-40.7297	-24.0347	214	-0.187046	-0.109774	0.976199	4.56348	22	11	76579
479	-30.2547	-2.15699	214	-0.371323	-0.161119	0.914418	1.54853	22	11	76797
480	-14.5957	-102.946	214	-0.0201883	-0.63119	0.775366	0.552605	22	11	77019
481	86.3722	-5.60628	214	0.516772	-0.0600625	0.854014	0.362161	11	11	77208
482	-14.8188	8.53585	214	-0.0710944	0.039397	0.996691	4.11577	22	11	77604
483	98.2917	146.907	214	0.502081	0.706734	0.498438	0.351358	22	11	77699
484	-25.8161	-14.5621	214	-0.118847	-0.0658967	0.990724	2.32864	22	11	77843
485	-123.608	96.1248	214	-0.50425	0.414401	0.75763	1.68866	22	11	77886
486	-0.687494	-16.7214	214	-0.119861	0.024646	0.992485	1.61579	22	11	78041
487	78.6962	19.31	214	0.423578	0.0498316	0.904488	0.672737	22	11	78088
488	-87.3722	-71.2039	214	-0.448091	-0.431611	0.782896	1.4717	22	11	78122
489	32.144	-59.31	214	0.145043	-0.344936	0.927352	1.82234	22	11	78167
490	17.2812	-3.21127	214	0.140666	-0.192393	0.971184	0.930028	22	11	78206
491	27.8418	-188.652	214	0.114936	-0.807682	0.578308	0.648395	22	11	78342
492	64.3461	-7.0951	214	0.293153	-0.0283076	0.955646	1.75019	22	11	78414
493	-103.523	26.8603	214	-0.583096	0.180658	0.792062	0.62536	22	11	78494
494	7.03675	9.04707	214	0.03189	0.0418238	0.998616	3.05254	22	11	78558
495	37.1961	-109.144	214	0.0132058	-0.552972	0.833095	0.957255	22	11	78593
496	-39.5571	27.1595	214	-0.391841	0.175192	0.903199	1.49519	22	11	78843
497	-30.5537	8.66033	214	-0.456635	-0.00241445	0.889651	0.617087	22	11	79073
498	-88.1082	-69.5782	214	-0.695262	-0.543233	0.470647	0.387989	22	11	79097
499	-57.8836	47.0284	214	-0.292621	0.380334	0.877336	0.572193	22	11	79161
500	35.6264	69.4146	214	0.266754	0.610934	0.745388	1.2648	22	11	79254
501	14.1198	81.3182	216	0.404494	0.267416	-0.87457	0.136837	22	11	79254
502	-50.6346	104.639	214	-0.303174	0.576179	0.759015	0.596953	22	11	79478
503	-79.8044	81.636	214	-0.435821	0.483462	0.75916	0.564564	22	11	79820
504	169.845	11.0713	214	0.805579	0.0886251	0.585823	1.00797	22	11	80037
505	-128.727	168.676	214	-0.547303	0.705987	0.44949	0.294991	22	11	80268
506	-29.6024	30.4936	214	-0.250739	0.305306	0.91865	1.40909	22	11	80413
507	-5.30137	-10.0181	214	-0.0246481	-0.0439404	0.99873	2.62007	22	11	80672
508	-46.1002	-12.4762	214	-0.31695	-0.132624	0.939124	1.765	22	11	80947
509	-83.8615	-6.69652	214	-0.67984	-0.26804	0.682622	0.796254	22	11	80983
510	65.1451	94.5111	214	0.382011	0.482572	0.788157	0.767952	22	11	81037
511	-17.9547	-56.8574	214	-0.162244	-0.560473	0.812125	1.90899	22	11	81194
512	10.1301	-27.6318	216	0.748183	0.327828	-0.576846	0.176567	22	11	81194
513	62.4739	-110.068	214	0.318538	-0.498452	0.806275	0.832827	22	11	81812
514	28.2543	44.1311	214	0.129631	0.200543	0.971071	3.1485	22	11	81889
515	-35.046	-89.7069	214	-0.228608	-0.528474	0.81759	0.638182	22	11	82109
516	-112.036	61.0825	214	-0.684541	0.423184	0.593565	0.558618	22	11	82493
517	27.8823	107.036	214	0.181558	0.5951	0.782875	0.629742	22	11	82552
518	-83.4016	65.167	214	-0.548887	0.294414	0.782332	0.485746	22	11	82741
519	-172.195	-168.815	214	-0.664679	-0.596719	0.449587	0.69411	22	11	83266
520	-5.48531	6.77196	214	-0.0253254	0.0312522	0.999191	4.64878	22	11	83369
521	-8.50932	21.7176	214	-0.040036	0.101127	0.994068	4.66093	22	11	83514
522	175.761	132.713	214	0.707498	0.652769	0.270811	0.368938	22	11	83520
523	-41.5222	-24.9469	214	-0.299213	-0.408515	0.862315	1.19074	22	11	83723
524	89.9822	-81.3736	214	0.672545	-0.483404	0.56036	1.04662	22	11	83740
525	-0.693353	-6.09571	214	0.159819	-0.261236	0.951953	0.185579	22	11	83769
526	-86.4225	-97.1831	214	-0.382673	-0.580772	0.718516	0.927442	22	11	83809
527	6.19282	54.4414	214	0.0399369	0.431467	0.901244	0.267754	22	11	83949
528	16.4501	58.6319	216	-0.155053	-0.644003	-0.749145	0.130991	22	11	83949
529	-25.0277	-74.1547	214	-0.110011	-0.325569	0.939096	2.84565	22	11	84271
530	-15.8534	15.225	214	-0.131502	0.123747	0.983562	0.478745	22	11	84425
531	-19.1904	29.3818	214	-0.27529	0.469755	0.838776	0.443668	22	11	84457
532	-10.1863	0.891532	214	-0.0492697	0.00386917	0.998778	0.851471	22	11	84491
533	56.7887	-38.7022	214	0.254451	-0.170279	0.951977	2.55379	22	11	84717
534	74.2396	1.00126	216	0.204414	0.833904	-0.512658	0.39852	22	11	84717
535	143.845	5.46762	214	0.752281	0.0590863	0.656188	0.80385	22	11	84753
536	-6.37648	67.8517	214	-0.0963995	0.452624	0.886475	1.57496	22	11	84757
537	55.3061	177.771	214	0.268121	0.797931	0.539831	0.495544	22	11	84762
538	37.295	-122.334	214	0.238762	-0.670044	0.702875	1.33823	22	11	85044
539	3.96104	-1.11163	214	-0.504592	-0.219749	0.834924	0.32731	22	11	85119
540	9.74359	-12.7315	214	0.0468793	-0.0612063	0.997024	4.48873	22	11	85327
541	107.039	24.3202	214	0.790465	0.344804	0.506237	0.190192	22	11	85443
542	38.8804	-100.981	214	0.2161	-0.606853	0.764873	0.481465	22	11	85486
543	19.4042	-12.7977	214	0.091975	-0.0611984	0.993879	3.03258	22	11	85609
544	10.8175	47.6187	214	0.0617792	0.471657	0.879615	0.508837	22	11	85711
545	135.935	21.9263	214	0.715256	0.146242	0.68339	0.778255	22	11	85713
546	118.946	24.0755	214	0.622794	0.0269349	0.781922	0.329012	22	11	85852
547	30.896	-19.175	214	0.142463	-0.0878519	0.985894	2.76968	22	11	85912
548	-59.7874	21.3544	214	-0.639099	0.00749654	0.769088	1.40549	22	11	85966
549	-36.7047	-98.0969	214	-0.168285	-0.58895	0.790455	1.51769	22	11	85974
550	-154.278	15.464	214	-0.773063	0.0279436	0.633713	0.733743	22	11	86069
551	-85.9345	26.4884	214	-0.557397	0.0508242	0.828689	1.66437	22	11	86597
552	-1.54303	-1.8413	214	-0.00870905	-0.0102456	0.99991	3.54343	22	11	86737
553	52.2212	-106.212	214	0.281457	-0.503938	0.816595	1.02698	22	11	86843
554	-2.04587	-50.042	214	-0.13874	-0.518596	0.843688	0.452639	22	11	86862
555	-6.42982	-56.598	216	-0.154885	0.183547	-0.970732	0.165493	22	11	86862
556	8.57989	1.93948	214	0.0397488	0.00817655	0.999176	1.06203	22	11	86874
557	-0.379675	1.85416	214	-0.00068923	0.00974244	0.999952	1.46798	22	11	86882
558	12.2478	-28.3209	214	0.0563377	-0.131593	0.989702	4.81609	22	11	87246
559	70.9998	-74.643	214	0.468879	-0.394667	0.790184	1.2494	11	11	87389
560	66.7947	-86.4517	216	-0.701459	-0.440357	-0.560393	0.861177	11	11	87389
561	28.6971	42.9595	214	0.428756	0.386787	0.816434	1.02302	22	11	87414
562	-4.25049	110.259	214	-0.058257	0.880786	0.469918	0.709957	22	11	87497
563	-41.6517	-19.8799	214	-0.568959	0.128994	0.812186	0.740378	22	11	88369
564	45.0684	102.544	214	0.26104	0.64285	0.72014	0.646219	22	11	88378
565	24.2753	118.665	214	0.195506	0.710917	0.675554	0.2974	22	11	88664
566	-128.737	43.2089	214	-0.678273	0.209814	0.704219	1.2256	22	11	88694
567	-12.5845	-16.4707	214	-0.0572316	-0.077473	0.99535	2.58187	22	11	88749
568	-67.1989	18.2438	214	-0.36058	0.225667	0.905018	0.673456	22	11	88803
569	-38.1123	-16.4214	214	-0.215683	-0.046291	0.975366	0.131979	22	11	88936
570	12.8719	-1.52785	214	0.0598261	-0.00698788	0.998184	3.90204	22	11	89191
571	131.025	64.638	214	0.715329	0.278399	0.640936	0.847219	22	11	89199
572	-12.1909	-26.4978	214	-0.267128	-0.330423	0.905242	1.75304	22	11	89683
573	1.7907	-167.687	214	0.0330201	-0.857191	0.513939	0.510999	22	11	89703
574	50.3986	-36.9517	214	0.48191	-0.467708	0.740954	0.752041	22	11	89850
575	51.9194	-51.8443	216	-0.524791	-0.249233	-0.813927	0.194567	22	11	89850
576	181.452	23.1768	214	0.902358	0.260432	0.343402	0.669536	22	11	89926
577	51.7322	-49.6914	214	0.424349	-0.512048	0.746816	0.121578	22	11	90229
578	14.1421	-9.48997	214	0.0747651	-0.0419236	0.99632	1.05112	22	11	90241
579	98.7605	-95.5694	214	0.449833	-0.771258	0.450345	0.419771	22	11	90477
580	-10.4703	52.9293	214	0.0252898	0.691503	0.721931	0.174339	22	11	90484
581	-8.42482	6.59275	214	-0.0375667	0.0313199	0.998803	1.30176	22	11	91078
582	-4.35366	14.6866	214	-0.0201297	0.0679613	0.997485	2.0523	22	11	91358
583	81.5929	-4.94085	214	0.62944	-0.34722	0.695157	0.296755	22	11	91535
584	-44.1025	33.1693	214	-0.461311	0.183389	0.868079	0.346666	22	11	91727
585	3.34383	0.23638	214	0.0155931	0.00130035	0.999878	3.50167	22	11	92206
586	-6.45826	2.29236	214	-0.0635878	0.145013	0.987384	2.69963	22	11	92306
587	125.044	-172.913	214	0.540273	-0.675317	0.502049	0.5404	22	11	92531
588	-42.0849	-11.7825	214	-0.373099	-0.0532926	0.92626	0.956069	22	11	92606
589	-7.96843	-16.3658	214	-0.0365227	-0.0762114	0.996423	1.75745	22	11	92717
590	117.573	78.5153	214	0.45752	0.306034	0.834877	3.59517	22	11	92949
591	-8.54292	118.053	214	-0.0350846	0.484243	0.87423	3.4307	22	11	93014
592	-2.84301	-11.954	214	-0.0114917	-0.055438	0.998396	1.84619	22	11	93116
593	11.7114	-8.0125	214	0.0535603	-0.0376937	0.997853	2.10245	22	11	93269
594	-85.6042	-53.774	214	-0.587015	-0.307193	0.74903	1.15927	22	11	93633
595	39.7598	85.6974	214	0.239444	0.404903	0.882451	2.08578	22	11	93761
596	2.74586	27.1192	214	0.179512	0.176956	0.96771	1.25239	22	11	93904
597	-62.4784	4.41917	214	-0.278392	-0.033497	0.959883	2.6225	22	11	94406
598	-28.1296	-2.34083	214	-0.341741	-0.128862	0.930918	1.96933	22	11	94498
599	69.3369	-71.04	214	0.440887	-0.390454	0.808186	1.55968	22	11	94605
600	75.4518	-82.2919	216	-0.105901	-0.368516	-0.92357	0.255718	22	11	94605
601	6.34128	-4.48087	214	0.271974	-0.394333	0.877799	0.104803	22	11	94715
602	17.2211	-20.6352	214	0.0812138	-0.0954739	0.992113	1.72004	22	11	95332
603	-16.3756	-1.30435	214	-0.0768904	-0.007444	0.997012	2.17988	22	11	95341
604	11.5336	0.999225	214	0.0519207	0.00564948	0.998635	4.33382	22	11	95478
605	14.6124	49.3575	214	0.401312	0.482421	0.778601	0.334992	22	11	95485
606	2.24286	10.2132	214	0.0109161	0.0476638	0.998804	2.50241	22	11	95851
607	-47.7375	-60.5835	214	-0.351557	-0.387479	0.852213	1.0067	22	11	95879
608	-38.6343	-62.2817	216	0.662246	0.326106	-0.6746	0.243824	22	11	95879
609	7.45927	0.575888	214	0.035459	0.00237258	0.999368	3.68909	22	11	96168
610	107.334	-65.1103	214	0.560874	-0.306902	0.768916	1.98551	22	11	96286
611	24.5666	-31.8225	214	0.112639	-0.146291	0.982808	1.50205	22	11	96360
612	6.07501	-60.2536	214	0.188422	-0.332641	0.924039	1.20556	22	11	96515
613	6.11678	-7.84217	214	0.0287158	-0.0363226	0.998927	4.49119	22	11	96591
614	-34.004	-36.6883	214	-0.378253	-0.562026	0.735562	0.860739	22	11	97085
615	-31.5089	68.2677	214	-0.161853	0.688223	0.707215	1.13382	22	11	97562
616	-47.8013	54.6891	214	-0.268623	0.347941	0.898209	0.748899	22	11	97600
617	-13.7339	-47.0465	214	-0.063783	-0.21396	0.974758	1.4249	22	11	97714
618	184.782	-130.126	214	0.48436	-0.646145	0.589824	0.689447	22	11	97764
619	-69.069	39.9738	214	-0.39163	0.275428	0.877932	0.681142	22	11	97782
620	20.2689	-93.0808	214	0.0861292	-0.397792	0.913424	1.31839	22	11	97885
621	-7.24734	-6.57737	214	-0.0320444	-0.0303365	0.999026	2.30712	22	11	97891
622	-18.6008	5.96013	214	-0.0870249	0.0293968	0.995772	1.11243	22	11	98034
623	187.822	112.871	214	0.737359	0.447505	0.506006	0.516385	22	11	98098
624	-16.8498	-58.4213	214	-0.076137	-0.262633	0.961887	2.6441	22	11	98318
625	-11.8114	81.2961	214	-0.357587	0.657864	0.662833	0.903251	22	11	98779
626	165.863	-11.412	214	0.722918	-0.101879	0.683381	0.930006	22	11	99068
627	-22.0697	-6.37772	214	-0.101136	-0.02946	0.994436	2.7522	22	11	99333
628	16.0999	145.085	214	0.093637	0.599863	0.794605	1.70486	22	11	99385
629	-8.2917	39.3	214	-0.0824342	0.445547	0.891455	0.70632	22	11	99635
630	-3.11908	-15.1634	214	0.0443016	-0.195729	0.979657	1.02945	22	11	99677
631	8.50244	112.912	214	0.0324354	0.842032	0.538452	0.394879	22	11	99797
632	5.65598	68.1852	214	-0.0910309	0.639473	0.763406	0.406457	22	11	99879
