Sensitive Detector-Voxels. Total number of events, [mm]->centreX centreY centreZ HalfSizeX HalfSizeY HalfSizeZ minX maxX, minY maxY, minZ maxZ, Dx, Dy, Dz, nX, nY, nZ: 
1522	0	0	0	150	150	150	-150	150	-150	150	-150	150	1.5	1.5	1.5	100	100	100
Number of physical volumes: 2
G4_WATER	1
G4_Galactic	2
Phys Volume x [mm], y [mm], z [mm], ix, iy, iz, Dose [Gy], Dose2 [Gy^2], nEvents
1	-148.5	94.5	-28.5	0	81	40	4.28966e-10	1.84012e-19	1
1	-145.5	64.5	46.5	1	71	65	5.3296e-10	2.19023e-19	2
1	-145.5	109.5	-13.5	1	86	45	6.42653e-11	4.13004e-21	1
1	-142.5	112.5	-13.5	2	87	45	4.08311e-10	1.66649e-19	2
1	-136.5	49.5	34.5	4	66	61	4.6442e-10	2.15608e-19	2
1	-133.5	43.5	112.5	5	64	87	1.69227e-10	2.86376e-20	1
1	-133.5	109.5	88.5	5	86	79	1.11957e-09	1.25343e-18	1
1	-133.5	112.5	88.5	5	87	79	5.1846e-09	5.55175e-18	7
1	-133.5	112.5	91.5	5	87	80	3.36918e-09	1.75031e-18	7
1	-130.5	112.5	85.5	6	87	78	1.91439e-09	3.65271e-18	2
1	-124.5	-103.5	34.5	8	15	61	2.00573e-10	4.02295e-20	1
1	-121.5	-103.5	34.5	9	15	61	4.10612e-10	1.66004e-19	2
1	-121.5	46.5	4.5	9	65	51	9.70557e-11	9.41982e-21	1
1	-118.5	40.5	-1.5	10	63	49	1.30582e-10	1.62393e-20	2
1	-118.5	49.5	106.5	10	66	85	1.74074e-10	3.02724e-20	2
1	-115.5	-85.5	19.5	11	21	56	1.02645e-10	1.05194e-20	2
1	-115.5	40.5	-1.5	11	63	49	8.97873e-12	7.91197e-23	2
1	-112.5	106.5	-58.5	12	85	30	6.3683e-10	3.80325e-19	3
1	-100.5	-103.5	124.5	16	15	91	1.40663e-09	6.72079e-19	3
1	-100.5	94.5	-148.5	16	81	0	8.42033e-14	7.09019e-27	1
1	-100.5	97.5	64.5	16	82	71	4.54552e-11	2.05854e-21	2
1	-97.5	49.5	-67.5	17	66	27	3.96713e-10	1.57317e-19	2
1	-97.5	49.5	-64.5	17	66	28	1.46571e-09	7.23723e-19	3
1	-94.5	82.5	-28.5	18	77	40	3.82566e-11	1.46357e-21	1
1	-91.5	25.5	34.5	19	58	61	3.45087e-09	1.56885e-18	8
1	-88.5	22.5	-70.5	20	57	26	1.53069e-09	8.41862e-19	3
1	-88.5	22.5	-67.5	20	57	27	1.03451e-09	3.86796e-19	3
1	-88.5	25.5	-70.5	20	58	26	5.70338e-10	3.2519e-19	2
1	-88.5	73.5	109.5	20	74	86	3.46177e-11	1.18644e-21	2
1	-85.5	115.5	-28.5	21	88	40	3.14516e-09	2.35664e-18	6
1	-85.5	115.5	-25.5	21	88	41	7.91578e-10	3.31475e-19	2
1	-82.5	7.5	-28.5	22	52	40	5.01993e-10	2.02079e-19	3
1	-82.5	43.5	148.5	22	64	99	2.85084e-09	1.20792e-18	7
1	-82.5	46.5	142.5	22	65	97	9.91704e-10	3.33296e-19	4
1	-82.5	46.5	145.5	22	65	98	2.84445e-09	1.19821e-18	7
1	-82.5	46.5	148.5	22	65	99	9.75114e-10	4.87569e-19	2
1	-82.5	103.5	94.5	22	84	81	1.74036e-10	3.02884e-20	1
1	-79.5	25.5	-97.5	23	58	17	4.64352e-10	2.12682e-19	2
1	-79.5	43.5	34.5	23	64	61	1.36031e-09	5.27721e-19	4
1	-73.5	-85.5	-61.5	25	21	29	5.535e-11	3.06362e-21	1
1	-73.5	-10.5	-94.5	25	46	18	7.16397e-11	5.13224e-21	1
1	-73.5	16.5	-121.5	25	55	9	8.41259e-10	3.54203e-19	2
1	-73.5	25.5	-148.5	25	58	0	8.07616e-14	6.52243e-27	1
1	-73.5	37.5	-82.5	25	62	22	4.42011e-10	1.92576e-19	2
1	-73.5	97.5	-148.5	25	82	0	8.42033e-14	7.09019e-27	1
1	-70.5	-7.5	-109.5	26	47	13	3.46521e-09	1.83509e-18	7
1	-70.5	-4.5	-79.5	26	48	23	3.85325e-10	1.48342e-19	2
1	-70.5	1.5	112.5	26	50	87	1.44954e-10	2.10116e-20	1
1	-70.5	7.5	-148.5	26	52	0	8.42033e-14	7.09019e-27	1
1	-67.5	-34.5	-115.5	27	38	11	3.1097e-09	1.41508e-18	8
1	-67.5	-7.5	-109.5	27	47	13	7.92876e-10	3.90266e-19	4
1	-67.5	-4.5	-82.5	27	48	22	4.91065e-10	2.08182e-19	3
1	-64.5	-34.5	-148.5	28	38	0	3.18821e-12	1.01647e-23	1
1	-64.5	-25.5	85.5	28	41	78	1.28843e-09	5.62441e-19	4
1	-64.5	-22.5	85.5	28	42	78	5.67247e-10	2.9268e-19	2
1	-64.5	-7.5	-148.5	28	47	0	3.18821e-12	1.01647e-23	1
1	-64.5	-7.5	-100.5	28	47	16	1.53617e-09	8.77069e-19	3
1	-64.5	-4.5	-100.5	28	48	16	9.35262e-10	4.37377e-19	2
1	-64.5	34.5	-148.5	28	61	0	8.07616e-14	6.52243e-27	1
1	-61.5	13.5	109.5	29	54	86	1.08097e-09	5.33381e-19	5
1	-61.5	16.5	109.5	29	55	86	4.14168e-09	3.08438e-18	8
1	-61.5	19.5	103.5	29	56	84	2.55341e-09	6.50363e-18	2
1	-61.5	19.5	106.5	29	56	85	2.11453e-09	4.2787e-18	2
1	-61.5	34.5	-148.5	29	61	0	1.7345e-13	3.00851e-26	1
1	-61.5	34.5	-109.5	29	61	13	1.46135e-09	1.12734e-18	3
1	-61.5	34.5	-106.5	29	61	14	1.82346e-09	7.2988e-19	5
1	-61.5	121.5	37.5	29	90	62	8.50229e-10	7.22889e-19	1
1	-61.5	121.5	40.5	29	90	63	3.33515e-09	1.55089e-18	8
1	-58.5	-64.5	16.5	30	28	55	2.09451e-10	4.38697e-20	1
1	-58.5	16.5	-79.5	30	55	23	2.46173e-10	6.06011e-20	1
1	-58.5	16.5	106.5	30	55	85	6.24977e-10	2.19158e-19	2
1	-58.5	16.5	109.5	30	55	86	1.80258e-09	2.22828e-18	2
1	-58.5	19.5	103.5	30	56	84	7.38651e-10	5.45605e-19	1
1	-58.5	19.5	106.5	30	56	85	1.19344e-09	1.42431e-18	1
1	-58.5	34.5	-148.5	30	61	0	8.42033e-14	7.09019e-27	1
1	-58.5	40.5	-22.5	30	63	42	9.40248e-10	5.81376e-19	2
1	-58.5	43.5	-22.5	30	64	42	7.90922e-10	3.15283e-19	2
1	-58.5	121.5	37.5	30	90	62	1.17836e-09	1.38853e-18	1
1	-58.5	121.5	40.5	30	90	63	8.94456e-10	3.1999e-19	3
1	-58.5	124.5	37.5	30	91	62	1.05105e-09	1.1047e-18	1
1	-55.5	40.5	-31.5	31	63	39	3.36759e-09	1.13406e-17	1
1	-55.5	40.5	-25.5	31	63	41	4.17794e-09	1.31949e-17	3
1	-55.5	40.5	-22.5	31	63	42	1.04072e-08	7.59328e-18	19
1	-55.5	43.5	-22.5	31	64	42	4.12202e-09	1.79096e-18	10
1	-55.5	103.5	-121.5	31	84	9	3.31421e-09	1.62891e-18	8
1	-52.5	-85.5	124.5	32	21	91	3.99889e-10	8.52423e-20	3
1	-52.5	-40.5	4.5	32	36	51	5.87496e-11	3.43119e-21	2
1	-52.5	-37.5	-64.5	32	37	28	1.33203e-09	7.68137e-19	3
1	-52.5	7.5	-79.5	32	52	23	7.63588e-10	3.80974e-19	2
1	-52.5	31.5	-67.5	32	60	27	4.75711e-10	2.26301e-19	1
1	-52.5	34.5	-67.5	32	61	27	1.19309e-09	7.78602e-19	2
1	-52.5	97.5	-148.5	32	82	0	3.18821e-12	1.01647e-23	1
1	-49.5	-70.5	-130.5	33	26	6	1.36544e-09	9.47434e-19	2
1	-49.5	-70.5	-127.5	33	26	7	2.37589e-09	9.85647e-19	6
1	-49.5	-67.5	-133.5	33	27	5	1.55175e-09	2.40768e-18	2
1	-49.5	-67.5	-130.5	33	27	6	3.50601e-09	5.12976e-18	3
1	-49.5	-64.5	-148.5	33	28	0	3.18821e-12	1.01647e-23	1
1	-49.5	-37.5	-64.5	33	37	28	2.06013e-09	1.09065e-18	5
1	-49.5	-13.5	-124.5	33	45	8	3.70959e-09	2.06875e-18	11
1	-49.5	4.5	-4.5	33	51	48	2.58429e-09	1.38853e-18	6
1	-49.5	34.5	-148.5	33	61	0	3.18821e-12	1.01647e-23	1
1	-49.5	34.5	-67.5	33	61	27	3.45121e-09	2.7012e-18	5
1	-49.5	34.5	-64.5	33	61	28	1.30474e-09	1.70235e-18	1
1	-46.5	-85.5	-34.5	34	21	38	2.70382e-10	7.30627e-20	2
1	-46.5	-13.5	-148.5	34	45	0	8.42033e-14	7.09019e-27	1
1	-46.5	13.5	-148.5	34	54	0	8.42033e-14	7.09019e-27	1
1	-46.5	13.5	-136.5	34	54	4	3.26071e-09	5.45676e-18	3
1	-46.5	13.5	-133.5	34	54	5	2.09906e-09	1.48251e-18	3
1	-46.5	16.5	-148.5	34	55	0	8.42033e-14	7.09019e-27	1
1	-46.5	34.5	-67.5	34	61	27	3.4533e-09	6.05243e-18	3
1	-46.5	94.5	-148.5	34	81	0	8.07616e-14	6.52243e-27	1
1	-43.5	-43.5	-28.5	35	35	40	1.75165e-12	3.06829e-24	1
1	-43.5	-31.5	22.5	35	39	57	2.13484e-10	4.42346e-20	2
1	-43.5	1.5	-1.5	35	50	49	1.27948e-09	4.91777e-19	4
1	-43.5	13.5	-133.5	35	54	5	2.99164e-09	1.43496e-18	8
1	-43.5	31.5	-148.5	35	60	0	1.7345e-13	3.00851e-26	1
1	-43.5	37.5	-91.5	35	62	19	3.56609e-11	1.25939e-21	2
1	-43.5	40.5	121.5	35	63	90	2.56075e-10	6.55742e-20	1
1	-40.5	-79.5	7.5	36	23	52	2.52572e-09	1.27891e-18	6
1	-40.5	-49.5	-55.5	36	33	31	1.13444e-09	4.661e-19	4
1	-40.5	-40.5	-28.5	36	36	40	5.14382e-10	1.71584e-19	3
1	-40.5	-37.5	-148.5	36	37	0	8.42033e-14	7.09019e-27	1
1	-40.5	-37.5	-130.5	36	37	6	6.03484e-11	3.63178e-21	2
1	-40.5	4.5	-148.5	36	51	0	1.7345e-13	3.00851e-26	1
1	-40.5	40.5	-106.5	36	63	14	2.3778e-09	9.58993e-19	6
1	-40.5	43.5	10.5	36	64	53	1.2674e-09	4.7388e-19	5
1	-40.5	52.5	22.5	36	67	57	1.17324e-09	7.68835e-19	3
1	-37.5	-79.5	10.5	37	23	53	6.18849e-10	3.82975e-19	1
1	-37.5	-76.5	4.5	37	24	51	1.4348e-09	2.05841e-18	2
1	-37.5	-76.5	7.5	37	24	52	4.17585e-09	4.91081e-18	4
1	-37.5	-70.5	-148.5	37	26	0	8.42033e-14	7.09019e-27	1
1	-37.5	-37.5	-148.5	37	37	0	8.42033e-14	7.09019e-27	1
1	-37.5	34.5	-115.5	37	61	11	4.25366e-09	9.84398e-18	6
1	-37.5	34.5	-112.5	37	61	12	4.23024e-09	7.31411e-18	4
1	-37.5	37.5	-109.5	37	62	13	3.17974e-09	5.05819e-18	2
1	-37.5	37.5	-106.5	37	62	14	3.53973e-09	4.29269e-18	3
1	-37.5	40.5	-106.5	37	63	14	7.90987e-10	4.67743e-19	2
1	-37.5	64.5	10.5	37	71	53	8.02929e-12	6.44696e-23	1
1	-34.5	-64.5	-28.5	38	28	40	5.09215e-11	2.58444e-21	2
1	-34.5	-52.5	-34.5	38	32	38	1.56767e-11	1.66128e-22	2
1	-34.5	-49.5	-34.5	38	33	38	1.7435e-10	3.03375e-20	2
1	-34.5	-46.5	34.5	38	34	61	9.83773e-10	9.67808e-19	1
1	-34.5	-43.5	34.5	38	35	61	4.48121e-09	4.40717e-18	6
1	-34.5	-43.5	37.5	38	35	62	7.43652e-10	3.44314e-19	2
1	-34.5	-28.5	-43.5	38	40	35	2.4676e-09	1.10613e-18	6
1	-34.5	28.5	-79.5	38	59	23	3.94154e-09	2.54643e-18	8
1	-34.5	31.5	-148.5	38	60	0	2.57654e-13	3.71752e-26	2
1	-34.5	34.5	-118.5	38	61	10	4.16153e-09	1.72918e-17	2
1	-34.5	70.5	-61.5	38	73	29	2.22252e-10	4.93959e-20	1
1	-34.5	79.5	43.5	38	76	64	3.59183e-11	1.27773e-21	2
1	-31.5	-64.5	-148.5	39	28	0	8.07616e-14	6.52243e-27	1
1	-31.5	-46.5	34.5	39	34	61	1.07974e-09	1.16585e-18	1
1	-31.5	-31.5	-133.5	39	39	5	1.97943e-09	1.06405e-18	4
1	-31.5	-31.5	-130.5	39	39	6	2.50196e-10	6.25558e-20	2
1	-31.5	-28.5	-49.5	39	40	33	4.00098e-09	8.09827e-18	3
1	-31.5	-28.5	-46.5	39	40	34	2.36616e-09	2.79941e-18	2
1	-31.5	-28.5	-43.5	39	40	35	2.72552e-09	2.52731e-18	3
1	-31.5	-22.5	-100.5	39	42	16	4.69883e-10	2.20711e-19	2
1	-31.5	-22.5	-97.5	39	42	17	2.16949e-09	1.15332e-18	5
1	-31.5	16.5	40.5	39	55	63	3.12415e-10	9.75505e-20	2
1	-31.5	25.5	-148.5	39	58	0	8.42033e-14	7.09019e-27	1
1	-31.5	28.5	-88.5	39	59	20	9.53634e-10	9.09257e-19	2
1	-31.5	28.5	-85.5	39	59	21	5.45705e-09	3.95207e-18	10
1	-31.5	85.5	34.5	39	78	61	1.5859e-11	1.70713e-22	2
1	-28.5	-34.5	-22.5	40	38	42	7.21277e-11	5.19027e-21	2
1	-28.5	-31.5	-148.5	40	39	0	1.7345e-13	3.00851e-26	1
1	-28.5	-31.5	-133.5	40	39	5	1.42868e-09	7.04775e-19	3
1	-28.5	-25.5	-148.5	40	41	0	8.42033e-14	7.09019e-27	1
1	-28.5	-22.5	-148.5	40	42	0	1.7345e-13	3.00851e-26	1
1	-28.5	25.5	-148.5	40	58	0	8.42033e-14	7.09019e-27	1
1	-28.5	25.5	-82.5	40	58	22	1.60773e-09	1.01691e-18	4
1	-28.5	28.5	-82.5	40	59	22	1.23676e-09	7.93477e-19	2
1	-28.5	64.5	28.5	40	71	59	1.96385e-10	3.85669e-20	1
1	-28.5	67.5	-64.5	40	72	28	1.41074e-09	6.95735e-19	4
1	-28.5	70.5	-64.5	40	73	28	1.02862e-09	7.87138e-19	2
1	-28.5	73.5	-13.5	40	74	45	1.87445e-10	3.5104e-20	2
1	-28.5	76.5	-61.5	40	75	29	7.02517e-10	2.49224e-19	3
1	-25.5	-136.5	10.5	41	4	53	5.86341e-11	3.43796e-21	1
1	-25.5	-46.5	16.5	41	34	55	2.83493e-09	1.68685e-18	6
1	-25.5	-43.5	16.5	41	35	55	1.57595e-09	6.25884e-19	4
1	-25.5	-37.5	58.5	41	37	69	1.5402e-10	2.36963e-20	2
1	-25.5	-34.5	16.5	41	38	55	3.44887e-10	1.18889e-19	2
1	-22.5	-85.5	22.5	42	21	57	9.13838e-10	4.19283e-19	3
1	-22.5	-85.5	25.5	42	21	58	1.87571e-09	1.04835e-18	4
1	-22.5	-16.5	-139.5	42	44	3	1.16697e-09	1.36183e-18	1
1	-22.5	-16.5	-136.5	42	44	4	3.29221e-09	2.76829e-18	4
1	-22.5	-13.5	-148.5	42	45	0	3.18821e-12	1.01647e-23	1
1	-22.5	-13.5	-139.5	42	45	3	1.25511e-09	1.5751e-18	2
1	-22.5	22.5	100.5	42	57	83	6.08337e-11	3.70074e-21	1
1	-22.5	55.5	-61.5	42	68	29	3.34057e-10	1.11538e-19	2
1	-19.5	-91.5	-1.5	43	19	49	3.14868e-10	9.71547e-20	2
1	-19.5	-37.5	-148.5	43	37	0	8.42033e-14	7.09019e-27	1
1	-19.5	-16.5	-136.5	43	44	4	1.8078e-09	7.79758e-19	5
1	-19.5	-7.5	-61.5	43	47	29	1.58799e-09	1.26333e-18	3
1	-19.5	-4.5	-61.5	43	48	29	1.36662e-09	9.97609e-19	2
1	-19.5	-4.5	-58.5	43	48	30	2.33182e-09	9.1932e-19	6
1	-19.5	4.5	94.5	43	51	81	1.8312e-09	6.72909e-19	6
1	-19.5	70.5	31.5	43	73	60	6.1257e-10	1.89943e-19	3
1	-19.5	88.5	-103.5	43	79	15	1.62459e-10	2.63928e-20	1
1	-19.5	115.5	-148.5	43	88	0	1.7345e-13	3.00851e-26	1
1	-16.5	-91.5	-10.5	44	19	46	7.92483e-10	3.14313e-19	3
1	-16.5	19.5	-148.5	44	56	0	3.18821e-12	1.01647e-23	1
1	-16.5	22.5	-22.5	44	57	42	3.11741e-09	2.33163e-18	6
1	-16.5	22.5	-19.5	44	57	43	1.94576e-09	1.00235e-18	4
1	-16.5	34.5	-16.5	44	61	44	1.46335e-09	5.38098e-19	5
1	-16.5	58.5	-148.5	44	69	0	8.07616e-14	6.52243e-27	1
1	-16.5	58.5	10.5	44	69	53	2.75122e-11	7.52304e-22	2
1	-16.5	64.5	-16.5	44	71	44	1.09084e-09	1.18994e-18	1
1	-16.5	67.5	-82.5	44	72	22	4.96608e-11	2.44902e-21	2
1	-16.5	136.5	-55.5	44	95	31	5.40592e-10	2.18416e-19	4
1	-13.5	-31.5	58.5	45	39	69	3.47222e-11	1.20003e-21	2
1	-13.5	-19.5	-136.5	45	43	4	1.23692e-10	1.52789e-20	2
1	-13.5	28.5	-40.5	45	59	36	5.78984e-10	3.35129e-19	2
1	-13.5	55.5	-148.5	45	68	0	8.42033e-14	7.09019e-27	1
1	-13.5	64.5	-22.5	45	71	42	2.13751e-09	4.56857e-18	2
1	-13.5	64.5	-19.5	45	71	43	3.39646e-09	3.50451e-18	7
1	-13.5	64.5	-16.5	45	71	44	4.48582e-09	2.94872e-18	9
1	-13.5	73.5	91.5	45	74	80	4.28827e-09	4.28952e-18	5
1	-13.5	73.5	94.5	45	74	81	3.08161e-09	1.71436e-18	6
1	-10.5	-70.5	7.5	46	26	52	3.31851e-09	1.67302e-18	9
1	-10.5	-61.5	-148.5	46	29	0	1.7345e-13	3.00851e-26	1
1	-10.5	-43.5	10.5	46	35	53	2.64041e-10	6.96259e-20	2
1	-10.5	-10.5	-61.5	46	46	29	1.48285e-09	6.57156e-19	5
1	-10.5	37.5	37.5	46	62	62	1.96724e-10	3.8632e-20	2
1	-10.5	37.5	46.5	46	62	65	5.24005e-10	2.74493e-19	2
1	-10.5	73.5	91.5	46	74	80	9.4587e-10	3.39587e-19	3
1	-10.5	130.5	19.5	46	93	56	2.03578e-11	4.14439e-22	1
1	-10.5	133.5	22.5	46	94	57	3.36975e-11	1.12389e-21	2
1	-7.5	-145.5	-25.5	47	1	41	2.21378e-11	4.90082e-22	1
1	-7.5	-88.5	67.5	47	20	72	1.02973e-09	3.53959e-19	3
1	-7.5	-61.5	55.5	47	29	68	1.71357e-10	2.8291e-20	2
1	-7.5	-7.5	-148.5	47	47	0	1.7345e-13	3.00851e-26	1
1	-7.5	-7.5	-109.5	47	47	13	1.70758e-09	2.91555e-18	2
1	-7.5	-7.5	-106.5	47	47	14	3.83485e-09	5.02866e-18	3
1	-7.5	-7.5	-103.5	47	47	15	3.92781e-09	1.98906e-18	9
1	-7.5	13.5	-13.5	47	54	45	2.02728e-11	3.02046e-22	2
1	-7.5	115.5	-28.5	47	88	40	1.31147e-10	1.71784e-20	2
1	-4.5	-37.5	13.5	48	37	54	1.45888e-09	5.32874e-19	4
1	-4.5	-34.5	13.5	48	38	54	4.04732e-10	1.63808e-19	1
1	-4.5	-31.5	-148.5	48	39	0	8.07616e-14	6.52243e-27	1
1	-4.5	-28.5	-16.5	48	40	44	3.1493e-11	8.11323e-22	2
1	-4.5	-19.5	-130.5	48	43	6	4.71259e-11	2.21325e-21	2
1	-1.5	-4.5	145.5	49	48	98	1.26304e-09	4.96344e-19	4
1	-1.5	7.5	-148.5	49	52	0	8.42033e-14	7.09019e-27	1
1	-1.5	7.5	-70.5	49	52	26	8.1667e-10	3.36215e-19	3
1	-1.5	31.5	10.5	49	60	53	3.50814e-09	2.51947e-18	6
1	-1.5	31.5	13.5	49	60	54	2.03272e-09	7.39023e-19	8
1	-1.5	37.5	-25.5	49	62	41	6.76221e-10	2.97184e-19	3
1	-1.5	49.5	46.5	49	66	65	3.99813e-10	1.59783e-19	2
1	-1.5	130.5	-28.5	49	93	40	5.41716e-11	2.91583e-21	2
1	1.5	-46.5	118.5	50	34	89	5.96955e-09	4.86722e-18	10
1	1.5	-34.5	-148.5	50	38	0	8.07616e-14	6.52243e-27	1
1	1.5	-25.5	13.5	50	41	54	1.96858e-10	3.75182e-20	2
1	4.5	-112.5	61.5	51	12	70	1.36822e-10	1.86974e-20	2
1	4.5	-46.5	118.5	51	34	89	2.31228e-09	1.41957e-18	4
1	4.5	-46.5	121.5	51	34	90	1.22195e-11	1.49316e-22	1
1	4.5	130.5	-43.5	51	93	35	3.04336e-11	9.26202e-22	1
1	4.5	145.5	-16.5	51	98	44	1.20162e-09	4.24681e-19	4
1	7.5	-109.5	-73.5	52	13	25	1.3891e-09	9.64821e-19	2
1	7.5	-109.5	-70.5	52	13	26	1.63677e-09	6.73137e-19	4
1	7.5	-106.5	-73.5	52	14	25	9.03739e-10	3.22024e-19	4
1	7.5	-1.5	-148.5	52	49	0	8.42033e-14	7.09019e-27	1
1	7.5	25.5	-148.5	52	58	0	8.07616e-14	6.52243e-27	1
1	7.5	25.5	-37.5	52	58	37	2.62811e-09	1.6198e-18	5
1	7.5	28.5	-40.5	52	59	36	2.61668e-09	3.5205e-18	3
1	7.5	28.5	-37.5	52	59	37	1.352e-09	9.24926e-19	2
1	7.5	34.5	-148.5	52	61	0	8.07616e-14	6.52243e-27	1
1	7.5	34.5	-118.5	52	61	10	2.90288e-09	1.2987e-18	7
1	7.5	37.5	-121.5	52	62	9	2.30048e-09	2.64914e-18	2
1	7.5	37.5	-118.5	52	62	10	1.53071e-09	1.18203e-18	2
1	7.5	115.5	82.5	52	88	77	4.08095e-09	2.33604e-18	9
1	7.5	145.5	-52.5	52	98	32	2.20449e-10	4.85606e-20	2
1	10.5	-1.5	97.5	53	49	82	1.31834e-09	4.40311e-19	5
1	10.5	40.5	-148.5	53	63	0	3.18821e-12	1.01647e-23	1
1	10.5	43.5	-64.5	53	64	28	6.37376e-10	2.07892e-19	2
1	10.5	46.5	-148.5	53	65	0	8.42033e-14	7.09019e-27	1
1	10.5	49.5	-118.5	53	66	10	3.0219e-09	1.62889e-18	6
1	10.5	58.5	31.5	53	69	60	3.64383e-10	1.32716e-19	2
1	10.5	76.5	-64.5	53	75	28	2.02435e-10	4.09459e-20	2
1	13.5	1.5	-148.5	54	50	0	1.7345e-13	3.00851e-26	1
1	13.5	49.5	-118.5	54	66	10	3.6186e-10	1.30943e-19	1
1	13.5	67.5	-67.5	54	72	27	4.70141e-10	2.20956e-19	2
1	13.5	70.5	-148.5	54	73	0	1.7345e-13	3.00851e-26	1
1	13.5	70.5	-145.5	54	73	1	4.73941e-09	2.62987e-18	15
1	13.5	70.5	-142.5	54	73	2	2.8672e-10	8.22086e-20	1
1	16.5	-58.5	37.5	55	30	62	4.89817e-11	2.10721e-21	2
1	16.5	-25.5	-148.5	55	41	0	8.42033e-14	7.09019e-27	1
1	16.5	-7.5	-148.5	55	47	0	3.18821e-12	1.01647e-23	1
1	16.5	1.5	148.5	55	50	99	2.26049e-09	9.24289e-19	6
1	16.5	25.5	127.5	55	58	92	3.58125e-09	1.64592e-18	9
1	16.5	28.5	127.5	55	59	92	3.82787e-09	5.55207e-18	3
1	16.5	46.5	-148.5	55	65	0	3.18821e-12	1.01647e-23	1
1	16.5	49.5	-1.5	55	66	49	1.23067e-09	7.64032e-19	2
1	16.5	52.5	-1.5	55	67	49	2.60882e-09	1.1778e-18	6
1	16.5	136.5	28.5	55	95	59	6.91002e-11	4.76321e-21	2
1	19.5	-49.5	-16.5	56	33	44	4.44174e-10	1.9729e-19	1
1	19.5	-31.5	4.5	56	39	51	6.08027e-10	1.91365e-19	2
1	19.5	49.5	-4.5	56	66	48	2.94551e-09	2.99235e-18	3
1	19.5	52.5	-10.5	56	67	46	1.40014e-09	1.9599e-18	2
1	19.5	52.5	-7.5	56	67	47	3.4692e-09	8.66243e-18	3
1	19.5	52.5	-4.5	56	67	48	3.15964e-09	4.998e-18	3
1	19.5	52.5	-1.5	56	67	49	1.30582e-09	1.70516e-18	1
1	19.5	73.5	-118.5	56	74	10	8.84327e-10	3.96189e-19	3
1	22.5	-46.5	-133.5	57	34	5	3.9744e-09	2.41373e-18	8
1	22.5	-43.5	-148.5	57	35	0	8.42033e-14	7.09019e-27	1
1	22.5	-40.5	118.5	57	36	89	3.1031e-10	9.62924e-20	1
1	22.5	-13.5	121.5	57	45	90	6.56002e-10	4.30338e-19	1
1	22.5	-10.5	118.5	57	46	89	9.68971e-10	9.38904e-19	1
1	22.5	-10.5	121.5	57	46	90	3.998e-09	2.26716e-18	8
1	22.5	40.5	-148.5	57	63	0	3.18821e-12	1.01647e-23	1
1	22.5	43.5	64.5	57	64	71	3.32413e-10	1.10498e-19	1
1	22.5	46.5	64.5	57	65	71	3.01496e-09	2.34774e-18	6
1	22.5	52.5	-148.5	57	67	0	8.42033e-14	7.09019e-27	1
1	22.5	52.5	-130.5	57	67	6	2.86123e-09	1.45903e-18	6
1	25.5	-103.5	106.5	58	15	85	2.31204e-10	5.34555e-20	1
1	25.5	-79.5	-58.5	58	23	30	5.66011e-10	2.38581e-19	2
1	25.5	-79.5	-46.5	58	23	34	4.65944e-10	2.17104e-19	1
1	25.5	-67.5	-103.5	58	27	15	5.31858e-09	3.34923e-18	11
1	25.5	-64.5	-148.5	58	28	0	3.18821e-12	1.01647e-23	1
1	25.5	-19.5	13.5	58	43	54	2.5615e-10	6.56129e-20	1
1	25.5	31.5	-148.5	58	60	0	8.07616e-14	6.52243e-27	1
1	25.5	52.5	58.5	58	67	69	3.37492e-09	1.13895e-17	2
1	25.5	55.5	55.5	58	68	68	4.98172e-11	2.46453e-21	2
1	25.5	58.5	61.5	58	69	70	3.78725e-10	1.41038e-19	2
1	28.5	-79.5	-46.5	59	23	34	9.81635e-10	5.20294e-19	3
1	28.5	-1.5	-133.5	59	49	5	5.64156e-13	2.37445e-25	2
1	28.5	1.5	43.5	59	50	64	4.42735e-09	3.1946e-18	7
1	28.5	52.5	64.5	59	67	71	5.1436e-09	1.00144e-17	7
1	28.5	52.5	67.5	59	67	72	2.64637e-09	7.00329e-18	1
1	31.5	1.5	-148.5	60	50	0	3.18821e-12	1.01647e-23	1
1	31.5	1.5	-133.5	60	50	5	1.20907e-10	1.46185e-20	1
1	31.5	1.5	40.5	60	50	63	3.84585e-09	4.14106e-18	5
1	31.5	16.5	-148.5	60	55	0	8.42033e-14	7.09019e-27	1
1	31.5	40.5	52.5	60	63	67	3.0429e-09	1.73995e-18	7
1	31.5	55.5	70.5	60	68	73	6.64981e-09	6.68259e-18	11
1	31.5	55.5	73.5	60	68	74	3.4342e-10	1.17937e-19	1
1	31.5	76.5	-148.5	60	75	0	8.42033e-14	7.09019e-27	1
1	31.5	136.5	-67.5	60	95	27	6.40142e-10	2.40138e-19	2
1	34.5	-31.5	-10.5	61	39	46	1.0653e-10	1.06898e-20	2
1	34.5	1.5	37.5	61	50	62	2.16316e-09	4.67924e-18	1
1	34.5	1.5	40.5	61	50	63	1.90806e-09	3.64069e-18	1
1	34.5	7.5	-148.5	61	52	0	8.42033e-14	7.09019e-27	1
1	34.5	46.5	133.5	61	65	94	2.15552e-09	9.64753e-19	5
1	34.5	55.5	73.5	61	68	74	3.61122e-09	2.00748e-18	7
1	37.5	-58.5	13.5	62	30	54	1.3692e-10	1.78943e-20	2
1	37.5	-49.5	16.5	62	33	55	5.53822e-11	3.05787e-21	2
1	37.5	-10.5	-139.5	62	46	3	1.04577e-10	1.09001e-20	2
1	37.5	1.5	31.5	62	50	60	3.83005e-09	1.46687e-17	2
1	37.5	1.5	34.5	62	50	61	4.00269e-09	1.60215e-17	1
1	37.5	22.5	67.5	62	57	72	1.21622e-09	7.41492e-19	3
1	37.5	25.5	-148.5	62	58	0	8.42033e-14	7.09019e-27	1
1	37.5	40.5	109.5	62	63	86	4.22205e-09	1.88374e-18	12
1	37.5	43.5	-148.5	62	64	0	8.42033e-14	7.09019e-27	1
1	37.5	43.5	-106.5	62	64	14	1.70808e-09	7.70592e-19	5
1	37.5	46.5	130.5	62	65	93	2.71486e-09	3.72916e-18	2
1	37.5	46.5	133.5	62	65	94	4.99906e-09	2.89994e-18	9
1	37.5	49.5	133.5	62	66	94	2.85917e-09	1.0616e-18	11
1	37.5	94.5	28.5	62	81	59	8.61805e-10	7.42408e-19	2
1	37.5	94.5	31.5	62	81	60	4.01752e-09	1.84501e-18	10
1	37.5	109.5	-31.5	62	86	39	1.88841e-09	7.83861e-19	6
1	40.5	-58.5	-103.5	63	30	15	1.01015e-09	1.02041e-18	1
1	40.5	-55.5	-112.5	63	31	12	1.50006e-09	2.24995e-18	2
1	40.5	-52.5	-148.5	63	32	0	1.7345e-13	3.00851e-26	1
1	40.5	-52.5	-109.5	63	32	13	4.08821e-09	1.17775e-17	3
1	40.5	-46.5	19.5	63	34	56	1.35791e-11	1.82119e-22	2
1	40.5	7.5	46.5	63	52	65	1.23648e-09	6.90395e-19	4
1	40.5	25.5	-133.5	63	58	5	3.47772e-09	1.63017e-18	8
1	40.5	28.5	-148.5	63	59	0	8.07616e-14	6.52243e-27	1
1	40.5	43.5	-100.5	63	64	16	3.36965e-09	6.00759e-18	4
1	40.5	43.5	-97.5	63	64	17	1.96433e-09	3.8586e-18	1
1	40.5	46.5	-97.5	63	65	17	1.71821e-09	2.95225e-18	1
1	40.5	46.5	-94.5	63	65	18	3.00478e-09	3.08491e-18	3
1	40.5	46.5	-91.5	63	65	19	2.40215e-09	1.26279e-18	5
1	40.5	49.5	-91.5	63	66	19	1.66351e-09	1.41111e-18	2
1	43.5	-61.5	-100.5	64	29	16	7.07069e-09	4.53553e-18	13
1	43.5	-58.5	-103.5	64	30	15	2.36231e-09	3.38288e-18	3
1	43.5	-58.5	-100.5	64	30	16	3.13808e-10	9.84754e-20	1
1	43.5	-55.5	-106.5	64	31	14	2.75994e-09	7.61729e-18	1
1	43.5	-55.5	-103.5	64	31	15	2.28594e-09	5.22551e-18	1
1	43.5	-34.5	4.5	64	38	51	2.0221e-10	4.08548e-20	2
1	43.5	7.5	-133.5	64	52	5	5.18317e-11	1.14913e-21	4
1	43.5	31.5	-97.5	64	60	17	8.00361e-10	3.38681e-19	2
1	46.5	-112.5	-67.5	65	12	27	4.61406e-11	2.1212e-21	2
1	46.5	-31.5	-148.5	65	39	0	1.7345e-13	3.00851e-26	1
1	46.5	-28.5	61.5	65	40	70	1.96576e-10	3.86089e-20	2
1	46.5	-13.5	-7.5	65	45	47	2.10642e-09	2.33897e-18	4
1	46.5	-13.5	-4.5	65	45	48	3.84289e-09	3.48309e-18	6
1	46.5	-13.5	-1.5	65	45	49	3.87656e-09	2.13217e-18	8
1	46.5	49.5	136.5	65	66	95	7.65102e-10	5.80523e-19	2
1	46.5	49.5	139.5	65	66	96	2.78734e-09	1.36463e-18	6
1	46.5	52.5	139.5	65	67	96	6.87409e-11	4.72531e-21	1
1	46.5	109.5	-148.5	65	86	0	8.07616e-14	6.52243e-27	1
1	46.5	133.5	-61.5	65	94	29	3.39727e-09	2.93529e-18	5
1	49.5	-46.5	-136.5	66	34	4	2.90775e-09	3.00729e-18	4
1	49.5	-43.5	-136.5	66	35	4	1.40963e-09	1.03357e-18	2
1	49.5	-4.5	-148.5	66	48	0	1.7345e-13	3.00851e-26	1
1	49.5	-1.5	-148.5	66	49	0	8.07616e-14	6.52243e-27	1
1	49.5	-1.5	-70.5	66	49	26	9.03032e-10	8.15466e-19	1
1	49.5	1.5	-148.5	66	50	0	1.7345e-13	3.00851e-26	1
1	49.5	94.5	-127.5	66	81	7	4.81584e-10	2.31842e-19	2
1	49.5	133.5	-61.5	66	94	29	3.03806e-09	1.63428e-18	6
1	52.5	-100.5	-100.5	67	16	16	1.44573e-11	2.09014e-22	1
1	52.5	-46.5	-145.5	67	34	1	1.40793e-09	5.1812e-19	4
1	52.5	-46.5	-139.5	67	34	3	2.61197e-09	1.32335e-18	6
1	52.5	-46.5	-136.5	67	34	4	4.2983e-09	7.08051e-18	4
1	52.5	-43.5	-148.5	67	35	0	1.7345e-13	3.00851e-26	1
1	52.5	-43.5	-136.5	67	35	4	2.89196e-09	1.46466e-18	6
1	52.5	-43.5	-7.5	67	35	47	4.47695e-10	2.00431e-19	1
1	52.5	-19.5	-19.5	67	43	43	3.40739e-10	1.16048e-19	2
1	52.5	-1.5	-76.5	67	49	24	5.10754e-10	2.6087e-19	1
1	52.5	-1.5	-73.5	67	49	25	4.8436e-09	7.83655e-18	5
1	52.5	-1.5	-70.5	67	49	26	1.89075e-09	1.84043e-18	2
1	52.5	-1.5	13.5	67	49	54	2.67159e-10	6.96905e-20	2
1	52.5	1.5	-70.5	67	50	26	3.1526e-09	1.54612e-18	8
1	52.5	7.5	-85.5	67	52	21	7.32649e-12	5.25071e-23	2
1	52.5	13.5	64.5	67	54	71	8.68046e-10	3.74016e-19	3
1	52.5	13.5	67.5	67	54	72	1.72496e-09	7.61629e-19	5
1	55.5	-55.5	-148.5	68	31	0	8.07616e-14	6.52243e-27	1
1	55.5	-46.5	-142.5	68	34	2	2.8213e-09	8.9402e-19	9
1	55.5	-46.5	-139.5	68	34	3	1.36915e-09	6.29234e-19	3
1	55.5	-28.5	-97.5	68	40	17	7.24331e-10	2.6387e-19	3
1	55.5	-13.5	-25.5	68	45	41	8.37096e-11	6.49386e-21	2
1	55.5	-7.5	-82.5	68	47	22	3.58404e-09	1.28441e-17	2
1	55.5	-7.5	-79.5	68	47	23	3.13998e-09	9.8595e-18	1
1	55.5	-4.5	-76.5	68	48	24	2.55903e-09	6.54863e-18	1
1	55.5	-1.5	-61.5	68	49	29	7.821e-09	6.57111e-18	16
1	55.5	1.5	-64.5	68	50	28	1.56235e-09	2.44095e-18	1
1	55.5	4.5	1.5	68	51	50	7.0443e-10	2.72217e-19	3
1	55.5	16.5	-79.5	68	55	23	1.42838e-12	1.60493e-24	2
1	55.5	91.5	13.5	68	80	54	6.11152e-11	3.3657e-21	2
1	58.5	-37.5	-16.5	69	37	44	9.74037e-11	9.45375e-21	2
1	58.5	58.5	-148.5	69	69	0	3.18821e-12	1.01647e-23	1
1	58.5	100.5	-7.5	69	83	47	4.18238e-10	1.74923e-19	1
1	61.5	-61.5	-82.5	70	29	22	2.24538e-09	2.56222e-18	3
1	61.5	-61.5	-79.5	70	29	23	2.8359e-09	2.1086e-18	4
1	61.5	-43.5	142.5	70	35	97	1.85977e-09	8.83005e-19	4
1	61.5	-4.5	-82.5	70	48	22	8.42476e-11	7.09765e-21	1
1	61.5	82.5	16.5	70	77	55	2.82319e-11	6.37349e-22	2
1	64.5	-61.5	-79.5	71	29	23	2.14518e-09	1.03991e-18	5
1	67.5	-43.5	-31.5	72	35	39	9.84082e-11	9.68417e-21	1
1	67.5	-16.5	142.5	72	44	97	4.76789e-09	2.96752e-18	9
1	67.5	-13.5	142.5	72	45	97	4.0205e-09	5.6583e-18	3
1	67.5	-10.5	139.5	72	46	96	2.33215e-09	1.11257e-18	5
1	67.5	-10.5	142.5	72	46	97	3.64007e-10	1.32501e-19	1
1	67.5	-7.5	139.5	72	47	96	1.40556e-09	7.62722e-19	3
1	67.5	-7.5	142.5	72	47	97	1.89885e-09	7.27967e-19	5
1	67.5	-4.5	136.5	72	48	95	7.00815e-10	2.53834e-19	2
1	67.5	-4.5	139.5	72	48	96	3.5922e-09	1.75736e-18	9
1	67.5	-4.5	142.5	72	48	97	4.27446e-10	1.8271e-19	1
1	67.5	-1.5	136.5	72	49	95	2.36796e-09	1.30829e-18	6
1	67.5	46.5	-109.5	72	65	13	2.06239e-10	4.25345e-20	1
1	67.5	55.5	-55.5	72	68	31	4.52503e-10	2.04683e-19	2
1	70.5	-82.5	-148.5	73	22	0	8.42033e-14	7.09019e-27	1
1	70.5	-31.5	-76.5	73	39	24	3.26484e-10	1.04531e-19	2
1	70.5	-4.5	-97.5	73	48	17	8.66158e-11	7.48833e-21	2
1	70.5	43.5	-7.5	73	64	47	7.3966e-11	5.45904e-21	2
1	70.5	58.5	-70.5	73	69	26	2.65956e-11	5.58071e-22	2
1	70.5	58.5	25.5	73	69	58	3.89502e-09	2.62567e-18	7
1	70.5	58.5	28.5	73	69	59	5.51786e-10	2.00546e-19	2
1	70.5	124.5	-16.5	73	91	44	5.78201e-11	2.99481e-21	2
1	70.5	127.5	-16.5	73	92	44	8.42033e-14	7.09019e-27	1
1	73.5	-7.5	-148.5	74	47	0	2.23991e-09	9.21247e-19	34
1	73.5	-7.5	-97.5	74	47	17	4.33925e-11	1.86792e-21	2
1	73.5	43.5	-136.5	74	64	4	5.00206e-11	2.20343e-21	2
1	73.5	52.5	-118.5	74	67	10	4.52929e-10	2.04987e-19	2
1	73.5	82.5	25.5	74	77	58	4.75949e-12	2.1897e-23	2
1	76.5	-88.5	7.5	75	20	52	1.28882e-09	5.67495e-19	3
1	76.5	-4.5	-148.5	75	48	0	1.7345e-13	3.00851e-26	1
1	76.5	61.5	-28.5	75	70	40	1.30471e-11	1.68132e-22	2
1	76.5	130.5	97.5	75	93	82	4.30275e-10	1.85137e-19	1
1	79.5	40.5	-22.5	76	63	42	3.13685e-10	9.83453e-20	2
1	79.5	82.5	28.5	76	77	59	4.65358e-11	2.1495e-21	2
1	79.5	88.5	-22.5	76	79	42	1.84638e-10	3.40599e-20	2
1	82.5	-97.5	4.5	77	17	51	7.74584e-10	5.9985e-19	2
1	82.5	-97.5	7.5	77	17	52	6.81985e-09	4.54559e-18	12
1	82.5	130.5	-148.5	77	93	0	8.42033e-14	7.09019e-27	1
1	85.5	-43.5	-88.5	78	35	20	2.77545e-11	6.1367e-22	2
1	85.5	-4.5	-46.5	78	48	34	3.6461e-09	6.86478e-18	3
1	85.5	-4.5	-43.5	78	48	35	1.18637e-09	1.40748e-18	1
1	85.5	85.5	-25.5	78	78	41	8.66761e-11	7.49816e-21	2
1	85.5	91.5	31.5	78	80	60	1.54886e-10	2.39895e-20	1
1	88.5	-1.5	-43.5	79	49	35	2.80771e-09	2.76139e-18	3
1	88.5	100.5	-115.5	79	83	11	3.13048e-11	9.79988e-22	1
1	88.5	139.5	-94.5	79	96	18	1.90295e-09	7.70883e-19	6
1	91.5	-76.5	-37.5	80	24	37	8.08685e-11	6.51172e-21	2
1	91.5	-1.5	-46.5	80	49	34	3.99672e-09	2.08449e-18	8
1	97.5	118.5	-25.5	82	89	41	1.03943e-10	1.07867e-20	2
1	100.5	-1.5	-64.5	83	49	28	9.80943e-11	9.60599e-21	2
1	103.5	-25.5	-100.5	84	41	16	6.45489e-12	4.0636e-23	2
1	106.5	-28.5	-103.5	85	40	15	5.17741e-11	2.66266e-21	2
1	109.5	13.5	-76.5	86	54	24	2.80061e-11	7.79831e-22	2
1	112.5	25.5	-79.5	87	58	23	2.36849e-10	5.60975e-20	1
1	115.5	133.5	-16.5	88	94	44	2.11859e-10	4.48843e-20	1
1	133.5	-70.5	85.5	94	26	78	1.37277e-09	5.12656e-19	4
1	133.5	-43.5	67.5	94	35	72	1.26505e-09	5.37329e-19	4
1	142.5	-52.5	73.5	97	32	74	1.85389e-09	1.73573e-18	2
1	142.5	-52.5	76.5	97	32	75	2.78543e-09	1.15583e-18	7
1	142.5	22.5	-136.5	97	57	4	1.55276e-10	2.40855e-20	2
