Sensitive Detector-Voxels. Total number of events, [mm]->centreX centreY centreZ HalfSizeX HalfSizeY HalfSizeZ minX maxX, minY maxY, minZ maxZ, Dx, Dy, Dz, nX, nY, nZ: 
2306	0	0	0	150	150	150	-150	150	-150	150	-150	150	1.5	1.5	1.5	100	100	100
Number of physical volumes: 2
G4_WATER	1
G4_Galactic	2
Phys Volume x [mm], y [mm], z [mm], ix, iy, iz, Dose [Gy], Dose2 [Gy^2], nEvents
1	-145.5	43.5	-64.5	1	64	28	8.87234e-10	4.97017e-19	2
1	-145.5	46.5	-64.5	1	65	28	5.16327e-10	2.66593e-19	1
1	-145.5	46.5	-28.5	1	65	40	2.00813e-10	4.02921e-20	2
1	-142.5	76.5	-40.5	2	75	36	1.25115e-10	1.56538e-20	1
1	-139.5	52.5	-55.5	3	67	31	4.65953e-10	2.14161e-19	2
1	-130.5	-16.5	-61.5	6	44	29	1.36122e-11	1.83106e-22	2
1	-130.5	-10.5	-31.5	6	46	39	1.24222e-11	1.50063e-22	2
1	-127.5	-25.5	-64.5	7	41	28	8.54892e-11	7.29402e-21	2
1	-127.5	13.5	-22.5	7	54	42	4.85745e-11	2.35948e-21	1
1	-124.5	-4.5	-145.5	8	48	1	1.55076e-11	2.40486e-22	1
1	-124.5	-1.5	-136.5	8	49	4	8.42033e-14	7.09019e-27	1
1	-121.5	79.5	-37.5	9	76	37	6.88802e-10	4.74209e-19	2
1	-121.5	79.5	-34.5	9	76	38	2.96702e-09	1.27706e-18	9
1	-118.5	-52.5	100.5	10	32	83	5.37535e-10	2.88944e-19	1
1	-115.5	-52.5	100.5	11	32	83	1.45112e-09	6.54249e-19	4
1	-115.5	-22.5	4.5	11	42	51	3.76747e-10	1.41878e-19	2
1	-115.5	-19.5	1.5	11	43	50	1.01414e-09	5.2144e-19	3
1	-106.5	-34.5	-7.5	14	38	47	1.14365e-10	1.30794e-20	1
1	-103.5	148.5	-82.5	15	99	22	1.7345e-13	3.00851e-26	1
1	-97.5	64.5	22.5	17	71	57	5.82171e-10	1.81086e-19	2
1	-97.5	70.5	-13.5	17	73	45	8.42033e-14	7.09019e-27	1
1	-88.5	-1.5	64.5	20	49	71	3.43634e-09	1.53291e-18	8
1	-85.5	-1.5	64.5	21	49	71	1.52051e-09	1.15613e-18	2
1	-85.5	1.5	64.5	21	50	71	2.40759e-09	3.00082e-18	3
1	-85.5	85.5	31.5	21	78	60	4.9827e-09	3.4675e-18	8
1	-85.5	91.5	-148.5	21	80	0	8.76095e-10	4.21704e-19	3
1	-82.5	85.5	28.5	22	78	59	2.96617e-09	4.58813e-18	2
1	-82.5	88.5	28.5	22	79	59	1.78959e-09	3.20263e-18	1
1	-82.5	133.5	-58.5	22	94	30	1.91563e-10	3.66963e-20	1
1	-79.5	85.5	79.5	23	78	76	2.1736e-11	4.72453e-22	1
1	-79.5	88.5	25.5	23	79	58	2.49227e-09	6.2114e-18	1
1	-79.5	88.5	28.5	23	79	59	2.09396e-09	4.38468e-18	1
1	-79.5	91.5	-139.5	23	80	3	2.68173e-10	7.19169e-20	1
1	-79.5	94.5	19.5	23	81	56	6.62014e-10	2.58407e-19	3
1	-79.5	103.5	49.5	23	84	66	1.44004e-09	6.13744e-19	5
1	-79.5	148.5	-76.5	23	99	24	8.07616e-14	6.52243e-27	1
1	-79.5	148.5	-43.5	23	99	35	8.07616e-14	6.52243e-27	1
1	-76.5	91.5	22.5	24	80	57	3.30882e-09	1.09483e-17	1
1	-76.5	94.5	-10.5	24	81	46	3.5918e-10	1.28886e-19	2
1	-76.5	94.5	19.5	24	81	56	3.69383e-09	1.36431e-17	2
1	-70.5	148.5	-28.5	26	99	40	8.42033e-14	7.09019e-27	1
1	-67.5	73.5	85.5	27	74	78	1.60746e-09	6.71636e-19	4
1	-67.5	76.5	82.5	27	75	77	1.48621e-09	1.437e-18	3
1	-67.5	76.5	85.5	27	75	78	3.1236e-09	2.03911e-18	5
1	-67.5	85.5	58.5	27	78	69	6.7017e-12	4.37983e-23	2
1	-64.5	55.5	25.5	28	68	58	9.95743e-10	3.34671e-19	4
1	-64.5	142.5	-124.5	28	97	8	4.99058e-11	2.49059e-21	1
1	-61.5	139.5	-49.5	29	96	33	1.30466e-09	5.67328e-19	4
1	-61.5	139.5	-46.5	29	96	34	1.22649e-09	8.62784e-19	2
1	-61.5	148.5	-55.5	29	99	31	1.7345e-13	3.00851e-26	1
1	-61.5	148.5	16.5	29	99	55	3.18821e-12	1.01647e-23	1
1	-58.5	58.5	106.5	30	69	85	1.72166e-09	8.80774e-19	4
1	-58.5	61.5	106.5	30	70	85	2.07277e-09	1.1321e-18	5
1	-58.5	85.5	-7.5	30	78	47	1.55365e-10	2.41381e-20	1
1	-58.5	97.5	-1.5	30	82	49	7.63234e-11	5.35892e-21	2
1	-55.5	73.5	130.5	31	74	93	1.54314e-09	2.38127e-18	1
1	-55.5	73.5	133.5	31	74	94	5.55053e-09	3.03918e-18	11
1	-55.5	148.5	-52.5	31	99	32	3.18821e-12	1.01647e-23	1
1	-52.5	40.5	118.5	32	63	89	1.71315e-10	2.92896e-20	2
1	-52.5	73.5	127.5	32	74	92	3.78492e-09	7.25199e-18	2
1	-52.5	73.5	130.5	32	74	93	1.42699e-09	2.03629e-18	1
1	-52.5	76.5	124.5	32	75	91	2.45613e-09	6.03258e-18	1
1	-49.5	148.5	22.5	33	99	57	8.42033e-14	7.09019e-27	1
1	-46.5	100.5	34.5	34	83	61	2.99238e-10	8.94928e-20	2
1	-46.5	148.5	49.5	34	99	66	1.7345e-13	3.00851e-26	1
1	-43.5	19.5	118.5	35	56	89	6.00487e-11	3.58508e-21	2
1	-43.5	73.5	91.5	35	74	80	3.18821e-12	1.01647e-23	1
1	-40.5	16.5	118.5	36	55	89	6.1013e-11	3.71233e-21	2
1	-37.5	4.5	-91.5	37	51	19	4.07736e-10	1.63669e-19	2
1	-37.5	4.5	115.5	37	51	88	3.27495e-10	1.07253e-19	1
1	-37.5	112.5	136.5	37	87	95	3.49188e-09	1.8671e-18	7
1	-34.5	31.5	67.5	38	60	72	5.85125e-10	2.04232e-19	3
1	-34.5	64.5	46.5	38	71	65	2.84516e-11	7.99685e-22	2
1	-34.5	112.5	133.5	38	87	94	7.47152e-10	5.58235e-19	1
1	-34.5	130.5	-118.5	38	93	10	5.07712e-09	4.17838e-18	9
1	-34.5	148.5	-139.5	38	99	3	8.42033e-14	7.09019e-27	1
1	-34.5	148.5	94.5	38	99	81	8.42033e-14	7.09019e-27	1
1	-31.5	46.5	100.5	39	65	83	3.48621e-09	2.23015e-18	7
1	-31.5	49.5	97.5	39	66	82	2.6584e-09	2.56208e-18	4
1	-31.5	49.5	100.5	39	66	83	3.15738e-09	2.33163e-18	6
1	-31.5	130.5	-118.5	39	93	10	3.13072e-09	1.44147e-18	7
1	-31.5	148.5	-28.5	39	99	40	3.18821e-12	1.01647e-23	1
1	-28.5	52.5	94.5	40	67	81	2.43355e-09	5.92133e-18	2
1	-28.5	52.5	97.5	40	67	82	1.81333e-09	3.28816e-18	1
1	-28.5	70.5	4.5	40	73	51	1.52425e-10	2.32077e-20	2
1	-28.5	76.5	88.5	40	75	79	1.02972e-10	1.06032e-20	1
1	-25.5	97.5	25.5	41	82	58	3.96699e-09	2.57763e-18	9
1	-25.5	97.5	64.5	41	82	71	2.49927e-10	6.08901e-20	2
1	-25.5	100.5	22.5	41	83	57	3.31784e-09	5.58243e-18	3
1	-25.5	100.5	25.5	41	83	58	1.39791e-09	1.95416e-18	1
1	-25.5	148.5	7.5	41	99	52	8.42033e-14	7.09019e-27	1
1	-22.5	-1.5	136.5	42	49	95	3.98295e-10	1.58639e-19	1
1	-22.5	148.5	-19.5	42	99	43	8.42033e-14	7.09019e-27	1
1	-16.5	88.5	145.5	44	79	98	2.4766e-09	1.27458e-18	6
1	-16.5	91.5	145.5	44	80	98	6.10669e-10	3.72917e-19	1
1	-16.5	91.5	148.5	44	80	99	2.95398e-09	1.66612e-18	6
1	-16.5	127.5	109.5	44	92	86	1.31401e-09	1.72661e-18	1
1	-16.5	127.5	112.5	44	92	87	3.42347e-09	2.97847e-18	4
1	-16.5	127.5	115.5	44	92	88	2.6927e-09	1.36296e-18	6
1	-16.5	130.5	106.5	44	93	85	2.20507e-09	4.86158e-18	2
1	-16.5	130.5	109.5	44	93	86	1.40704e-09	1.97977e-18	1
1	-16.5	148.5	-1.5	44	99	49	8.07616e-14	6.52243e-27	1
1	-16.5	148.5	85.5	44	99	78	3.18821e-12	1.01647e-23	1
1	-13.5	79.5	91.5	45	76	80	2.66163e-09	1.11498e-18	7
1	-13.5	79.5	94.5	45	76	81	9.54574e-10	5.5341e-19	2
1	-13.5	88.5	142.5	45	79	97	1.06507e-09	2.90507e-19	4
1	-13.5	88.5	145.5	45	79	98	2.80103e-09	9.541e-19	9
1	-13.5	91.5	139.5	45	80	96	2.37141e-09	7.38035e-19	8
1	-13.5	91.5	142.5	45	80	97	2.43942e-09	1.00505e-18	7
1	-13.5	94.5	139.5	45	81	96	1.16403e-09	5.16906e-19	3
1	-13.5	121.5	82.5	45	90	77	2.29575e-09	1.1822e-18	5
1	-13.5	139.5	55.5	45	96	68	2.93674e-09	3.2186e-18	4
1	-13.5	139.5	58.5	45	96	69	3.71677e-09	1.7767e-18	9
1	-13.5	148.5	46.5	45	99	65	8.07616e-14	6.52243e-27	1
1	-13.5	148.5	52.5	45	99	67	1.7345e-13	3.00851e-26	1
1	-10.5	-10.5	91.5	46	46	80	2.37678e-09	1.01552e-18	7
1	-10.5	79.5	94.5	46	76	81	7.6513e-10	5.85425e-19	1
1	-10.5	82.5	91.5	46	77	80	1.81863e-09	1.97442e-18	5
1	-10.5	82.5	94.5	46	77	81	2.11339e-09	2.36748e-18	2
1	-10.5	94.5	139.5	46	81	96	4.79953e-10	1.15219e-19	2
1	-10.5	112.5	37.5	46	87	62	2.08813e-09	7.57889e-19	6
1	-10.5	115.5	-10.5	46	88	46	5.86842e-10	1.91846e-19	3
1	-10.5	148.5	28.5	46	99	59	1.7345e-13	3.00851e-26	1
1	-10.5	148.5	79.5	46	99	76	8.42033e-14	7.09019e-27	1
1	-7.5	16.5	106.5	47	55	85	5.90583e-10	1.92937e-19	3
1	-7.5	112.5	37.5	47	87	62	9.13567e-10	8.34604e-19	1
1	-7.5	115.5	34.5	47	88	61	3.26994e-09	5.45608e-18	3
1	-7.5	115.5	37.5	47	88	62	3.16526e-09	3.5793e-18	3
1	-4.5	-49.5	52.5	48	33	67	2.83884e-10	7.88003e-20	2
1	-4.5	130.5	58.5	48	93	69	3.29283e-10	1.08313e-19	2
1	-4.5	148.5	1.5	48	99	50	8.42033e-14	7.09019e-27	1
1	1.5	-70.5	142.5	50	26	97	4.59471e-09	2.15317e-18	13
1	1.5	118.5	109.5	50	89	86	2.01703e-10	4.06501e-20	2
1	1.5	121.5	103.5	50	90	84	4.44654e-10	1.97642e-19	2
1	1.5	127.5	34.5	50	92	61	2.32372e-10	5.39577e-20	2
1	1.5	130.5	34.5	50	93	61	8.40754e-10	3.67719e-19	3
1	4.5	-25.5	112.5	51	41	87	6.78653e-11	4.19328e-21	2
1	4.5	49.5	106.5	51	66	85	1.42112e-09	5.18433e-19	4
1	4.5	88.5	-142.5	51	79	2	4.16808e-11	1.73729e-21	1
1	4.5	115.5	109.5	51	88	86	1.35143e-09	6.07596e-19	4
1	7.5	109.5	67.5	52	86	72	2.56128e-09	6.56017e-18	1
1	7.5	112.5	64.5	52	87	71	3.89011e-09	1.5133e-17	1
1	7.5	121.5	37.5	52	90	62	3.30347e-11	1.09129e-21	1
1	7.5	127.5	79.5	52	92	76	6.36369e-09	3.24307e-18	15
1	7.5	148.5	28.5	52	99	59	1.7345e-13	3.00851e-26	1
1	10.5	106.5	70.5	53	85	73	4.78132e-09	5.09166e-18	10
1	10.5	106.5	73.5	53	85	74	6.41679e-09	4.15596e-18	12
1	10.5	109.5	67.5	53	86	72	3.11164e-09	6.84281e-18	3
1	10.5	124.5	40.5	53	91	63	5.91175e-10	3.49388e-19	2
1	10.5	124.5	43.5	53	91	64	2.66005e-09	2.08113e-18	4
1	10.5	127.5	76.5	53	92	75	5.00398e-09	8.23606e-18	5
1	10.5	127.5	79.5	53	92	76	1.16869e-09	1.36583e-18	1
1	10.5	130.5	28.5	53	93	59	1.21712e-09	5.09823e-19	4
1	10.5	130.5	76.5	53	93	75	5.40391e-10	2.92023e-19	1
1	10.5	148.5	52.5	53	99	67	3.18821e-12	1.01647e-23	1
1	13.5	109.5	70.5	54	86	73	2.32944e-11	5.38882e-22	2
1	13.5	124.5	43.5	54	91	64	4.72586e-09	2.69523e-18	9
1	16.5	133.5	-10.5	55	94	46	2.92285e-09	1.29895e-18	8
1	16.5	148.5	-22.5	55	99	42	8.42033e-14	7.09019e-27	1
1	16.5	148.5	7.5	55	99	52	8.42033e-14	7.09019e-27	1
1	19.5	37.5	19.5	56	62	56	1.26803e-10	1.60576e-20	2
1	19.5	49.5	100.5	56	66	83	3.08703e-10	5.85112e-20	2
1	19.5	52.5	97.5	56	67	82	2.61266e-09	2.31048e-18	4
1	19.5	52.5	100.5	56	67	83	3.08051e-09	1.3916e-18	8
1	19.5	148.5	16.5	56	99	55	8.07616e-14	6.52243e-27	1
1	19.5	148.5	49.5	56	99	66	8.07616e-14	6.52243e-27	1
1	22.5	112.5	85.5	57	87	78	1.89977e-09	1.23825e-18	3
1	22.5	112.5	88.5	57	87	79	2.10247e-09	1.01422e-18	5
1	22.5	127.5	-31.5	57	92	39	4.39549e-09	4.95557e-18	4
1	22.5	130.5	-34.5	57	93	38	1.72022e-09	2.95914e-18	1
1	22.5	133.5	-34.5	57	94	38	2.03943e-09	4.15927e-18	1
1	22.5	148.5	-49.5	57	99	33	8.42033e-14	7.09019e-27	1
1	25.5	70.5	88.5	58	73	79	2.32443e-10	5.39904e-20	2
1	25.5	118.5	88.5	58	89	79	9.65826e-10	4.90854e-19	2
1	25.5	121.5	88.5	58	90	79	3.71322e-10	1.37817e-19	2
1	25.5	124.5	-31.5	58	91	39	2.63604e-09	1.1619e-18	8
1	25.5	148.5	58.5	58	99	69	8.07616e-14	6.52243e-27	1
1	28.5	1.5	118.5	59	50	89	4.30234e-10	1.85101e-19	1
1	28.5	37.5	130.5	59	62	93	1.39608e-09	1.03037e-18	2
1	28.5	40.5	133.5	59	63	94	1.26352e-09	5.39573e-19	3
1	28.5	109.5	-88.5	59	86	20	9.62696e-10	9.26784e-19	1
1	28.5	112.5	-88.5	59	87	20	2.29998e-09	1.76308e-18	4
1	28.5	148.5	-112.5	59	99	12	1.7345e-13	3.00851e-26	1
1	28.5	148.5	7.5	59	99	52	3.18821e-12	1.01647e-23	1
1	28.5	148.5	55.5	59	99	68	8.42033e-14	7.09019e-27	1
1	31.5	-61.5	-4.5	60	29	48	3.70627e-10	1.37364e-19	1
1	31.5	-61.5	-1.5	60	29	49	1.58342e-09	6.32729e-19	4
1	31.5	37.5	130.5	60	62	93	4.07981e-09	2.23101e-18	8
1	31.5	97.5	106.5	60	82	85	5.84207e-10	3.41298e-19	1
1	31.5	97.5	109.5	60	82	86	8.5607e-10	3.79962e-19	2
1	31.5	106.5	118.5	60	85	89	3.46941e-09	1.9559e-18	8
1	31.5	109.5	-91.5	60	86	19	1.68101e-09	8.74879e-19	4
1	31.5	109.5	40.5	60	86	63	4.29832e-09	2.23247e-18	10
1	31.5	112.5	40.5	60	87	63	8.33754e-10	6.95012e-19	2
1	31.5	148.5	-22.5	60	99	42	8.42033e-14	7.09019e-27	1
1	31.5	148.5	28.5	60	99	59	8.07616e-14	6.52243e-27	1
1	34.5	49.5	121.5	61	66	90	8.71915e-10	3.78836e-19	3
1	34.5	49.5	124.5	61	66	91	1.95451e-09	1.22171e-18	4
1	34.5	106.5	16.5	61	85	55	6.10587e-09	7.40169e-18	6
1	34.5	106.5	19.5	61	85	56	5.86884e-09	4.11609e-18	10
1	34.5	109.5	13.5	61	86	54	3.2108e-09	1.02888e-17	2
1	37.5	100.5	70.5	62	83	73	8.07812e-11	6.51257e-21	2
1	37.5	106.5	16.5	62	85	55	3.53371e-09	1.53324e-18	9
1	37.5	106.5	55.5	62	85	68	3.23101e-11	1.03851e-21	2
1	37.5	148.5	49.5	62	99	66	1.7345e-13	3.00851e-26	1
1	40.5	-115.5	-76.5	63	11	24	9.50445e-11	9.01811e-21	2
1	40.5	7.5	91.5	63	52	80	3.26014e-10	1.06172e-19	2
1	40.5	109.5	70.5	63	86	73	7.1199e-10	2.53787e-19	3
1	40.5	136.5	64.5	63	95	71	4.7288e-09	3.32568e-18	9
1	40.5	148.5	1.5	63	99	50	8.42033e-14	7.09019e-27	1
1	40.5	148.5	13.5	63	99	54	8.07616e-14	6.52243e-27	1
1	43.5	109.5	40.5	64	86	63	1.85173e-09	3.42889e-18	1
1	46.5	106.5	40.5	65	85	63	4.08272e-09	2.38312e-18	8
1	46.5	109.5	40.5	65	86	63	1.6117e-09	1.30217e-18	2
1	49.5	31.5	124.5	66	60	91	2.35953e-09	2.85938e-18	3
1	52.5	-49.5	100.5	67	33	83	7.11731e-11	5.04098e-21	2
1	52.5	-22.5	-22.5	67	42	42	6.47331e-11	4.16798e-21	2
1	52.5	28.5	124.5	67	59	91	2.82501e-09	1.29492e-18	7
1	52.5	28.5	127.5	67	59	92	5.80413e-10	3.3688e-19	1
1	52.5	31.5	124.5	67	60	91	7.89432e-10	6.23204e-19	1
1	52.5	31.5	127.5	67	60	92	6.87057e-10	4.72048e-19	1
1	52.5	55.5	142.5	67	68	97	9.33925e-10	4.39488e-19	2
1	58.5	148.5	-10.5	69	99	46	8.42033e-14	7.09019e-27	1
1	61.5	136.5	91.5	70	95	80	3.00682e-09	1.80778e-18	6
1	61.5	139.5	91.5	70	96	80	1.62721e-09	7.87582e-19	4
1	61.5	148.5	76.5	70	99	75	3.18821e-12	1.01647e-23	1
1	64.5	136.5	91.5	71	95	80	1.89282e-09	1.30501e-18	4
1	64.5	139.5	88.5	71	96	79	5.99417e-10	3.55499e-19	2
1	64.5	148.5	-28.5	71	99	40	1.7345e-13	3.00851e-26	1
1	67.5	-31.5	112.5	72	39	87	3.84936e-10	1.48176e-19	1
1	67.5	124.5	-7.5	72	91	47	2.79896e-09	1.26603e-18	9
1	67.5	127.5	-7.5	72	92	47	9.87871e-10	3.38007e-19	4
1	70.5	-31.5	112.5	73	39	87	3.73026e-09	2.15897e-18	7
1	70.5	-28.5	112.5	73	40	87	1.42938e-09	2.04264e-18	2
1	70.5	91.5	40.5	73	80	63	1.18838e-10	1.41226e-20	1
1	73.5	64.5	70.5	74	71	73	3.7642e-10	1.41692e-19	1
1	76.5	-16.5	124.5	75	44	91	1.15104e-10	1.32488e-20	1
1	76.5	64.5	70.5	75	71	73	9.96338e-10	5.2651e-19	2
1	79.5	-70.5	-67.5	76	26	27	6.09662e-11	3.70705e-21	2
1	79.5	142.5	139.5	76	97	96	1.55205e-09	2.82969e-19	9
1	79.5	142.5	142.5	76	97	97	1.26912e-09	2.39617e-19	7
1	79.5	148.5	130.5	76	99	93	1.7345e-13	3.00851e-26	1
1	82.5	91.5	103.5	77	80	84	1.03021e-09	3.61336e-19	4
1	82.5	139.5	142.5	77	96	97	7.3723e-10	5.43508e-19	1
1	82.5	139.5	145.5	77	96	98	5.64077e-09	2.96056e-18	13
1	82.5	142.5	142.5	77	97	97	1.84341e-09	1.89092e-18	3
1	85.5	88.5	-7.5	78	79	47	1.65892e-09	7.02669e-19	5
1	91.5	-82.5	148.5	80	22	99	3.59823e-11	1.29472e-21	1
1	94.5	-28.5	-148.5	81	40	0	8.42033e-14	7.09019e-27	1
1	100.5	-58.5	-136.5	83	30	4	6.31465e-10	3.7467e-19	2
1	103.5	55.5	-49.5	84	68	33	2.49209e-10	6.20651e-20	2
1	106.5	94.5	67.5	85	81	72	9.8158e-10	4.83964e-19	3
1	109.5	10.5	-70.5	86	53	26	2.08159e-10	4.333e-20	1
1	127.5	19.5	-64.5	92	56	28	1.08645e-09	4.68441e-19	4
1	130.5	-124.5	-22.5	93	8	42	9.36106e-10	3.43728e-19	3
1	136.5	100.5	106.5	95	83	85	1.49417e-10	2.23254e-20	1
1	148.5	-139.5	-112.5	99	3	12	6.47897e-12	4.19771e-23	1
